593449
382698
593451
382697
382794
593450
382614
382615
382806
382844
593447
382482
382683
382868
383168
383004
383068
593446
593448
382712
382977
383167
383597
383103
383169
593452
593453
381949
382843
383166
382879
382912
383021
383022
383421
383559
383115
383180
383234
383721
381670
593445
382415
380559
380560
382492
382493
382867
383294
383102
383246
382992
382993
383404
384081
380536
380537
382074
380546
380547
381898
381899
382792
382793
383401
383508
383403
383806
384428
384448
380347
380391
382073
382158
382805
383020
382774
382775
383612
383644
383579
383580
383856
384472
384427
384447
380249
380250
381746
381747
382069
382262
381992
381993
382975
382976
382572
382573
383164
383165
383855
384017
380036
380037
381132
381133
381452
381636
381637
382352
382403
381896
381897
382949
382961
382465
382466
381324
381325
383114
383146
383402
383748
379893
379894
381088
381099
381053
381054
381430
381463
381745
381785
380954
380955
382960
382974
381277
381288
381384
381385
381240
381241
383145
383219
383747
383981
379253
379254
379551
379552
379472
379473
379498
379566
380652
380653
381242
381243
381462
381850
381650
381784
380911
380912
382858
383090
380622
380623
383980
384154
379486
379487
379383
379400
379603
379876
380247
380248
381128
381129
381386
381387
381766
381767
381967
382103
380444
380445
380110
380111
382823
382857
383078
383134
380497
380498
384080
384159
384465
384615
379410
379542
379399
379471
381051
381052
381130
381131
380984
381035
381404
381405
382102
382113
380345
380346
380142
380143
382790
382791
382842
382448
382491
383823
383824
378913
378973
379310
379485
380996
380997
380742
380756
381342
381343
381978
382043
382270
382395
379700
379701
382480
382481
382338
382339
382336
382337
382508
382553
383692
383693
379484
379622
380534
380535
380587
380588
380686
380703
380823
380896
381668
381669
382042
382230
382394
382440
380094
380095
379231
379611
382318
382319
381309
381310
382200
382201
382280
382373
382773
383133
383548
383720
379223
379458
380310
380311
380685
380869
380624
380625
381782
381783
382351
382468
379985
379986
379003
379325
382067
382068
380380
380381
382021
382174
382122
382123
382666
382747
383132
383157
379309
379392
380601
380665
380545
380570
381191
381192
382467
382470
379270
379271
379852
379853
378700
378777
379308
379352
381086
381087
381628
381629
381610
381611
383112
383113
380222
380300
380651
380702
380434
380446
382374
382393
382529
382530
378991
379187
378971
378972
379390
379391
378485
378486
380476
380477
381602
381935
381758
381759
381397
381398
382724
382725
380112
380134
380298
380299
380389
380390
381460
381461
382072
382089
382088
382101
382592
382597
378969
378970
379121
379122
378635
378636
378909
378910
378333
378334
378487
378567
381429
381450
381275
381276
381297
381298
382590
382591
380334
380406
380132
380133
381439
381451
380995
381027
381947
381948
378349
378350
378448
378449
378753
378754
378177
378178
381395
381396
381514
381515
381025
381026
380974
380975
381010
381011
380194
380382
379670
379671
378027
378028
381371
381372
381050
381114
381532
381765
380649
380650
380568
380569
379741
380260
377528
377529
381262
381394
380894
380895
381757
381860
381459
381528
380192
380193
379770
379771
379891
379892
377586
377587
381150
381190
380620
380621
380404
380405
381849
381880
381649
381909
381323
381359
380220
380221
380774
380879
380308
380309
380343
380344
380044
380052
380289
380432
381715
382066
381659
382041
380755
380837
380127
380128
380235
380236
379983
379984
380258
380259
379137
379138
379889
379890
380245
380246
381714
382040
379997
379998
379362
379363
380191
380219
379496
379497
379739
379740
378938
378939
378543
378544
379621
379668
381713
381946
379540
379541
379290
379291
379120
379292
379001
379002
379699
379725
380071
380072
378751
378752
378503
378504
379601
379602
379669
379934
381712
381934
379456
379457
378967
378968
378886
378956
378940
378941
378836
378837
379599
379600
380070
380084
378750
378776
378419
378420
379524
379525
379564
379565
381932
381933
379342
379351
379135
379136
378290
378291
378168
378169
378954
378955
378483
378484
378806
378807
378530
378531
379409
379432
379388
379389
381945
382087
381700
381701
378951
379066
379049
379050
378011
378012
377547
377548
378100
378115
378304
378321
378731
378741
378429
378465
378823
378824
379185
379186
381698
381699
378740
378791
378952
378953
377720
377721
377969
377970
377835
377942
377527
377823
377145
377146
377943
377944
378331
378332
378366
378367
379147
379148
381648
381697
381341
381370
378790
378822
378382
378391
377435
377436
377596
377673
377651
377652
377038
377039
377549
377574
377459
377497
378320
378447
379149
379433
381696
382056
381321
381322
378260
378261
378380
378381
377405
377406
377266
377267
377584
377585
376699
376700
377785
377786
377352
377353
377388
377419
378113
378114
381837
381838
382100
382222
381222
381223
378166
378167
378009
378010
377264
377265
377313
377314
376396
376472
376596
376597
376614
376615
377234
377235
377256
377294
377971
377972
381491
381726
381977
382055
381008
381009
380296
380297
377884
377885
377833
377834
377293
377418
376921
376967
376657
376658
376347
376348
376298
376299
377160
377163
376953
376954
376849
376850
377024
377046
377563
377564
377810
377822
381449
381513
380910
380967
377490
377491
376737
376738
376966
377220
376511
376512
376227
376228
376263
376264
376701
376702
376490
376513
377513
377514
380926
380953
377451
377512
376394
376395
376999
377045
375885
375886
376149
376150
375644
375645
376111
376180
376534
376576
376473
376474
376367
376368
377649
377650
380952
380983
377370
377371
376262
376418
376279
376280
375266
375267
375028
375029
375790
375791
375101
375102
375085
375086
376181
376193
376316
376577
375756
375757
376246
376247
377372
377373
380684
380701
380994
381205
377218
377219
376965
376982
376146
376147
376550
376756
375205
375219
374757
374789
375910
375929
374866
374867
376229
376230
376182
376183
380042
380043
380993
381007
377129
377159
376898
376899
375991
375992
376110
376148
374328
374329
375711
375712
376215
376216
375831
375832
379609
379610
380791
380807
381069
381070
376847
376848
377127
377128
375982
376007
375182
375183
375546
375547
375856
375857
374676
374677
376061
376062
375597
375598
378804
378805
379905
379906
380789
380790
381068
381204
377126
377233
375964
375965
375990
376028
374817
374818
374925
375128
375772
375773
375016
375017
379221
379222
380788
380836
380682
380683
381127
381274
377125
377158
377232
377332
375544
375545
376006
376027
374734
374735
374316
374327
375646
375647
375322
375323
374342
374366
375002
375018
379220
379644
380462
380463
380772
380773
380532
380533
380600
380619
381126
381149
377089
377090
375126
375127
376026
376450
374643
374656
374363
374364
375566
375567
374631
374632
374365
374919
374868
374879
379446
379620
380647
380648
381189
381287
377059
377060
376025
376226
374546
374547
374488
374489
374606
374607
379203
379289
380256
380257
381085
381188
381358
381403
377331
377434
376804
376820
376018
376047
374341
374487
374459
374460
378847
378848
379163
379164
380892
380893
381554
381725
377496
377595
376754
376755
375946
376314
374171
374189
374269
374275
378678
378679
379134
379445
378774
378775
379819
379820
377594
377719
376656
376819
376488
376489
375321
376164
376315
376471
373824
373825
374170
374235
378302
378303
379288
379307
378699
378821
378445
378446
380378
380379
379805
380433
377718
377832
376640
376641
376213
376214
375251
375355
376417
376462
376510
376613
373808
373826
374067
374124
378041
378042
379306
379539
378633
378634
380377
380496
376622
376794
376024
376039
376108
376109
375181
375367
375300
375354
376433
376575
376795
376868
373615
373616
373989
374007
377989
378073
377967
377968
378417
378418
380461
380835
376366
376533
376881
377037
375815
375816
374340
374857
375299
375909
375015
375250
376623
376686
376983
377178
373603
373604
373929
374066
377561
377562
378416
378556
380806
380851
376328
376329
376920
377189
375728
375729
374391
374392
373671
373672
375908
376017
374379
374380
375232
375366
376724
376939
373920
373921
377854
377855
378301
378348
380598
380599
380973
381159
376162
376163
375927
375928
375685
375686
374305
374486
373453
373454
376016
376449
374509
374510
375156
375157
380327
380863
375318
375319
374415
374416
373109
373128
375789
375801
374430
374496
374975
375027
380154
380155
374153
374154
372995
372996
374401
374402
374495
374545
375026
375241
379933
380035
373807
373849
374187
374188
374532
374533
375344
375396
379633
379634
379716
379846
373706
373707
373850
373893
373987
373988
373749
373750
374531
374569
375260
375463
375441
375634
379597
379598
379563
379608
380153
380190
373509
373592
373129
373165
373909
374243
373892
373971
373573
373574
374568
374733
375492
375560
379095
379133
379304
379305
379242
379455
379844
379845
379818
380189
372983
372997
374244
374403
373748
373874
374494
374675
374788
374833
375477
375589
378999
379000
378697
378698
379430
379431
379724
380218
372937
372938
372984
373033
373705
373783
374476
374477
374709
375084
374816
374956
375462
375543
378845
378846
378565
378566
379408
379655
380217
380951
372875
372876
373571
373572
374400
374567
374935
374947
375320
375542
378738
378739
378603
378604
380216
380376
372707
372708
373493
373508
373451
373452
374934
375155
375024
375025
375710
375830
378592
378885
379804
380372
372639
372706
372580
372581
375730
375981
378582
378602
380544
380586
380326
380681
372384
372460
372812
372915
372371
372385
378601
378737
380822
381169
379737
379738
380680
380771
372344
372345
379698
379715
380040
380041
380805
381221
372198
372199
379689
379697
379821
379851
380787
380909
372010
372023
379696
380371
379509
379510
380925
381067
371893
372129
379381
379382
379454
379523
380820
380821
381098
381187
371837
371838
372293
372394
379287
379380
379302
379303
379470
379483
371714
371715
371415
371527
379429
379482
378907
378908
371657
371727
371587
371588
371540
371610
379428
379469
378772
378773
371347
371629
371525
371526
379468
379562
378695
378730
371301
371645
371972
372259
371366
371367
379467
379574
378541
378542
371037
371216
371741
371984
371302
371303
379573
379619
378516
378517
378347
378481
370872
371008
371228
371397
372418
372534
371983
372168
370743
370744
371180
371181
379850
379951
378300
378581
377850
377851
378244
378245
370741
370742
371007
371036
372658
372696
372732
372795
371825
371826
371740
372332
370853
371066
378242
378243
377489
377593
377432
377433
378230
378482
370368
370386
371051
371586
372493
372657
370778
370779
378214
378480
377071
377072
377281
377282
378026
378276
370108
370295
371050
371124
371585
371597
372557
372750
370757
370758
378098
378749
378618
378998
377023
377058
376609
376610
377979
377980
378289
378696
370231
370232
370683
370684
378008
378056
376845
376846
377070
377083
376244
376245
377538
377539
369792
369793
370207
370264
378055
378085
376650
376651
376997
376998
376106
376107
375813
375814
377175
377176
377831
377933
369680
370031
369691
369746
378084
378213
376243
376297
375296
375884
375200
375201
377035
377036
377756
377767
369471
369472
370030
370450
369363
369364
378111
378112
376296
376508
375664
375843
375001
375014
374699
374700
376652
376653
377732
377733
369408
369409
370367
370449
378110
378165
375827
375979
375099
375175
377715
377716
369401
369402
369338
369350
370163
370164
378200
378379
374849
375065
377621
377638
377852
378099
369225
369508
369117
369118
370162
370460
378147
378378
374338
374339
374832
375083
377328
377329
377672
377853
369151
369171
369480
369492
369110
369138
370448
370489
378145
378146
378464
378729
374698
374864
375249
375476
377201
377202
377283
377749
377966
378057
369150
369170
368805
368845
369778
369779
370414
370488
378144
378346
377559
377560
379027
379044
374662
374663
375353
375461
377084
377085
377177
377330
377540
377750
368898
368899
369094
369095
368651
368652
369656
369657
370328
370366
378345
378463
377781
377782
379106
379341
374360
374655
374572
374583
376860
376861
376509
376574
376980
376981
377546
377954
368954
368955
368592
368693
370585
370740
370365
370434
378529
378555
377606
377607
377102
377103
379252
379426
374654
374708
374558
374559
376345
376346
376430
376431
376938
377417
368938
369003
368016
368286
370433
370513
370739
378528
378554
379251
379887
379888
379427
379904
374642
374697
374413
374414
376178
376179
375768
375769
375726
375727
376862
377368
377478
377717
368992
369191
367976
368060
370524
370682
378241
378275
378617
378771
379903
380061
374876
375199
374014
374015
375683
375684
375828
375829
375297
375298
376753
377369
377694
377809
367781
368186
370523
370726
378053
378054
378616
378802
378803
379026
374875
375198
375408
375460
373916
373917
373945
373946
375578
375579
374814
374815
376654
376782
367680
367958
370350
370694
377545
378007
378788
378789
379350
379453
374314
374325
375504
375505
376611
376612
367549
367550
370160
370161
377907
377908
378860
378861
378443
378444
379379
379466
374505
374506
374688
374707
375111
375125
374974
374980
376096
376097
376595
376655
367277
367536
367399
367578
370159
370311
369844
369845
377895
377925
378884
378990
378273
378274
378239
378240
379269
379966
374152
374169
374863
375142
374877
374878
374748
374749
376045
376046
376393
376432
376639
376783
367535
367628
367224
367318
369776
369777
370310
370327
377780
377808
378883
379011
378005
378006
378129
378130
379684
379916
374076
374077
374898
374915
374361
374362
374442
374443
375770
375771
375871
375980
376038
376261
376620
376621
367627
367840
366807
366808
366888
366889
369832
369833
370432
370487
377449
377450
378787
378820
379025
379340
377558
377573
373858
373859
374802
374897
374664
374665
374507
374508
374211
374212
375906
375907
375642
375643
375924
375925
367335
367336
367839
367888
366693
366806
366750
366751
366442
366880
369584
369585
370447
370503
377292
377448
377312
377327
378770
378950
379339
379495
377883
377953
373639
373640
373804
373805
374776
374955
374556
374557
374078
374079
375580
375581
375926
375945
367779
367780
367887
368250
366512
366513
365813
365836
369506
369507
370280
370459
377186
377200
377187
377188
378715
378769
379268
379549
377821
377867
373554
373555
374973
375197
374485
374628
373744
373766
375202
375203
367276
367295
368135
368203
366350
366382
365835
365859
377140
377141
377174
377280
376978
376979
378552
378553
379267
379875
379230
379550
377655
377656
375042
375141
374119
374120
374627
374653
373703
373704
375043
375044
368166
368167
366279
366280
365857
365858
376774
376775
376936
376937
377488
377605
375140
375343
374004
374005
373588
373589
374850
374851
368069
368093
366278
366381
366111
366112
376736
376803
376723
376752
377468
377469
377604
377866
375023
375139
373887
373960
373440
373491
374916
374917
374604
374605
368092
368355
376685
376698
376390
376391
376392
376561
376562
377446
377447
375000
375098
375154
375365
373944
374028
373209
373252
373401
373402
374629
374630
374457
374458
374308
374309
367738
367778
368273
368330
376381
376382
375869
375870
376259
376260
376014
376015
377156
377157
374313
374378
375407
375522
373084
373085
373103
373104
373228
373229
374107
374108
374398
374399
373928
374292
374267
375204
367694
367695
368318
368423
375766
375767
376278
376358
375787
375788
375406
375559
372615
372616
373888
373889
374213
374234
374214
374215
373806
373818
374216
374315
368303
368304
368033
368505
375904
375905
375633
375883
372456
372457
373745
373767
374006
374138
374121
374122
373746
373747
373602
374123
374242
374310
374326
374865
368090
368091
368539
368578
375632
375697
372276
372277
373417
373418
373890
373891
373200
373201
373215
373216
373492
373670
374217
374666
374899
374918
368068
368340
368058
368059
368804
368981
372257
372258
373386
373655
373302
373303
373668
373669
372794
372811
373031
373032
373210
373211
373420
373421
373918
374049
374421
374573
374756
375100
368057
368249
367485
367486
371954
371955
373114
373115
373590
373591
372671
372672
373016
373017
373235
373236
373342
373470
373919
373947
367975
368134
368329
368380
366996
366997
371875
371876
373030
373054
373449
373450
373106
373107
373316
373656
368394
368438
366931
367171
372927
372928
373419
373507
373041
373116
368393
368538
368692
368729
366924
366925
367170
367398
372810
372847
372719
372720
373387
373469
372967
372968
368772
368879
366659
366660
366844
366845
367247
367412
372458
372459
372809
372914
373365
373366
372361
372381
372673
372848
366257
366293
367411
367534
372148
372149
372793
373053
372278
372279
372578
372579
372849
373067
366166
366181
367514
367515
372068
372069
372778
372827
373066
373274
372079
372128
372503
372504
372382
372383
373068
373108
367533
367693
367234
367235
372048
372049
372826
372893
372070
372071
371702
371703
372280
372281
372393
372894
367532
367626
372022
372067
371806
371814
372330
372331
372874
373341
371999
372009
371879
371880
371556
371557
371608
371609
371765
372211
367198
367199
371851
371931
371453
371454
371815
371997
372777
372861
373416
373556
371971
372197
371674
371675
371456
371457
371738
371739
371749
372150
366781
366782
371607
371642
371283
371284
371394
371395
371998
372008
372808
372892
371932
371933
372196
372392
371356
371376
372000
372001
372487
372533
371628
371656
371253
371254
371139
371140
371396
371446
372532
372624
372994
373051
371643
371644
371285
371346
371510
371511
371112
371269
372146
372147
372577
372846
373052
373127
371063
371064
371065
371329
371330
371491
371499
370978
370979
371270
371345
372046
372047
372501
372502
372845
372913
373152
373253
373327
373468
371299
371300
370735
370736
371355
371455
371469
371928
371929
372179
372292
372912
373105
370573
370574
371877
371878
371930
371982
372126
372127
370458
370737
371672
371673
371915
371916
370158
370469
370738
370871
371583
371584
371824
371862
370294
370470
371375
371468
370245
370246
371343
371344
369966
370029
369626
369627
371237
371268
371215
371282
369965
370171
369441
369532
369479
369598
371138
371179
371034
371035
370170
370193
369505
369614
371004
371078
371005
371006
370107
370244
369109
369224
370571
370572
370828
370852
370130
370326
370243
370502
369027
369061
368690
368771
370553
370554
370764
370765
368560
368561
369062
369258
368559
368577
368770
368817
370145
370146
370601
370791
368421
368422
368972
368973
369442
369690
368184
368185
368816
368952
370129
370293
369983
369984
370431
370638
368238
368248
368457
368458
368953
369039
369599
369615
368081
368157
368951
368991
370230
370242
370650
370706
368201
368202
368391
368392
368878
369040
369679
369944
367756
367757
370046
370047
367711
367728
367817
367818
368691
368710
370067
370215
367308
367513
369887
369917
367530
367531
367692
367710
367819
367919
368674
368675
369084
369127
369859
369860
367396
367397
367655
367656
368472
368626
369677
369678
367112
367113
367130
367131
368818
368861
369744
369745
367010
367011
369439
369440
369255
369256
369257
369059
369060
368814
368815
368876
368877
368727
368728
368638
368639
