342687
342688
342703
342576
342652
342704
342731
342404
342520
342705
343059
341843
342474
342897
342921
342164
342165
342475
342488
342617
342653
342922
343214
341954
341955
342509
342510
342909
342910
342782
343316
342245
342246
343317
343397
342456
342464
342923
342924
343398
343622
342465
342489
342714
343071
343189
343190
343635
343671
342034
342035
342364
342379
342898
342941
343072
343104
343636
343742
341974
342049
342783
343105
343512
343513
343802
343973
341939
341940
342023
342490
343326
343500
343082
343083
343427
343583
343483
343543
344049
344180
341749
341750
341975
341983
342784
342814
343048
343049
343013
343106
343428
343456
343658
343803
344260
344272
341652
341653
341887
342137
342732
342733
341872
341873
342987
342988
343414
343733
343833
343938
344105
344479
341441
341442
341634
341675
341984
341997
342942
342943
343734
343922
343921
344190
344106
344819
344527
344726
341069
341426
341676
341723
342672
342673
342758
343139
343699
343711
344006
344163
344410
344526
344773
344736
344818
341402
341456
341732
341941
342532
342533
343749
343892
344181
344465
344339
344494
344603
344676
344928
345232
341011
341389
341654
341751
342365
342405
344151
344205
344338
344361
344660
344906
344709
344760
345254
345339
341001
341189
341082
341599
342247
342491
344206
344521
345303
345653
345361
345438
340814
340815
341199
341330
341427
341447
342153
342166
344114
344207
344538
344837
345304
345362
345654
345754
345606
345636
340571
340612
341280
341311
341443
341457
342072
342073
342167
342191
344539
344699
344907
344945
345363
345802
345755
345767
345785
345857
340378
340379
340963
340964
342192
342457
344966
345096
345305
345439
345839
345906
345507
345904
346044
346260
340274
340320
340816
340880
342233
342466
345145
345223
345398
345399
345840
346026
345517
345905
340073
340074
340321
340405
342234
342261
345255
345440
346057
346097
339874
339875
340230
340237
340472
340473
342303
342476
339685
339723
339834
340238
342600
342689
342440
342441
339835
340474
342912
343060
342168
342169
342911
343153
343107
343204
341573
341574
342074
342179
343369
343909
342060
342061
342193
343268
343368
343474
344727
344891
341888
341889
341956
341957
341831
342292
343726
344273
345062
345090
341544
341545
341724
341890
341823
342220
342421
342925
343725
343813
345113
345256
341677
341678
341891
341904
341874
342690
342989
343464
343908
344242
345341
346348
341162
341163
341518
341519
341761
341762
342393
342422
342977
343140
343387
343501
343959
344125
345364
345400
340438
340439
341712
341781
342654
342849
343191
343647
343514
343743
343774
343834
343923
343952
344298
344550
345461
345538
341520
341521
342122
342170
343022
343814
343192
343327
343954
344411
343760
343953
343955
344299
344096
344328
344946
346008
341510
341511
342171
342850
343328
343415
344018
344820
344017
344287
344007
344288
344454
344573
345132
345196
346058
346199
341083
341084
341125
341617
341813
342194
344235
344522
344929
345097
344340
344386
344008
344134
344091
344107
344609
344610
345340
346390
341046
341047
340751
340752
341126
341522
341655
341806
342180
342195
344421
345441
344611
344984
344948
345171
344455
344551
344341
344821
344863
344890
345460
345817
340928
340929
340701
340702
340456
340457
341190
341331
341497
341702
342196
342423
345442
345566
344893
345078
344999
345063
344728
344729
344395
344612
345012
345207
345803
345841
340699
340700
340817
340818
340555
340965
341332
341390
341085
341458
341814
342691
345000
345208
345281
345691
344892
344947
345197
345290
345243
345426
340572
340573
340440
340441
340966
341281
341391
341498
341116
341127
341117
341713
341875
342833
345172
345173
345077
345114
345804
345999
345576
345690
340089
340106
339836
339837
340076
340077
340930
340946
341070
341346
341296
341635
341575
341913
341684
341725
341693
341733
342248
342326
345153
345209
345556
346474
345126
345373
345858
346284
345713
345907
340028
340029
340258
340259
339990
340207
340931
341282
341246
341428
341532
342143
341345
341942
341787
342036
342249
342380
345291
345427
345492
345655
346923
347117
346306
346335
346098
346135
339732
339893
340036
340125
339981
339982
339951
339952
341563
341858
342262
342834
342181
342411
342114
342123
342394
342618
345292
345374
346531
346546
345656
345672
347146
347332
346347
346904
346162
346252
339892
340075
339454
339455
339334
339359
339920
339921
341636
341807
342853
343044
342492
342852
341844
342235
342899
343061
345805
345859
347386
347464
346362
346545
339745
339938
338500
338857
338823
338824
339724
339725
341637
341734
343091
343284
342867
343043
342313
342327
342913
342978
343193
343355
345493
346180
338842
338856
338623
338624
338397
338398
339413
339414
339627
340030
341958
342434
343092
343165
343329
343399
343341
343586
342337
342395
342765
343062
345908
346307
346363
346600
346717
338605
338777
338841
338959
338197
338198
338113
338114
337895
337896
339612
339613
339794
340078
342037
342144
343166
343285
343531
343532
343688
343712
342851
343141
343584
343585
343416
343787
345909
346032
346599
347087
346740
346905
338775
338776
338958
339182
337819
337861
338063
338064
339199
339200
339201
339548
339628
340491
340832
340208
340509
341859
342442
342182
342304
343727
343910
343689
343750
344153
344182
342990
343154
343637
343660
343788
343893
346033
346219
346696
346785
338677
338855
337849
338240
338031
338032
338960
338961
339304
339325
339629
339953
342406
342521
342692
343167
343789
343984
344097
344154
344396
344646
342824
343215
343659
343815
346136
346220
346552
346786
338644
338656
338871
338992
338081
338096
337682
337683
337586
337587
338522
338523
339103
339104
338938
339249
339603
339645
339954
340322
342798
342962
343846
345146
344480
344587
343863
344135
346839
347088
338655
338740
338539
339077
337994
338030
337664
337665
337455
337456
338678
338679
338693
338694
339183
339224
340126
340333
342759
342961
344115
344528
344613
344985
343983
344108
344152
344274
347214
347249
338622
338638
337818
338014
337407
337408
338354
338355
338241
338242
338657
338695
339286
339400
340014
340046
340334
340475
343469
343587
344387
344710
345064
345065
345037
345375
344342
344564
347274
347586
347250
348306
337935
337968
337234
337235
338199
338330
338586
338587
338696
338741
339287
339305
340442
340476
343661
343804
343624
343826
345098
345593
345036
345320
344586
344774
347345
347501
347620
347668
347231
347419
337797
337798
337114
337115
337691
337711
337969
337970
337802
338115
338742
338803
339306
339587
340556
341129
343662
344262
344098
344329
343623
343816
345186
345756
345329
345410
344804
345001
347516
347826
347666
347952
347667
347937
347215
347290
347777
348307
336653
337083
336968
336969
337534
337569
337916
337917
337727
337728
338707
338789
339326
339375
340492
340601
341128
341618
344263
344275
344116
344388
343590
343761
343985
344009
345115
345224
347858
348260
347291
347709
348335
348620
336685
337053
336784
336785
337897
337898
337419
337420
337698
337729
338820
338883
339767
340172
340574
340819
341914
343924
344625
344737
344050
344191
344261
344481
345133
345198
347275
347517
347801
348830
348619
348653
337052
337082
336483
336522
336220
336221
337745
337746
337783
337881
337126
337127
337692
337699
338884
339064
340820
340833
342091
342305
344647
344711
344738
345244
344661
344908
345472
345557
347802
347846
348474
348642
348683
348788
336272
336273
335963
335964
337417
337418
337758
337759
337700
337882
338825
339022
339154
339174
340834
340905
342183
342643
343168
343775
344731
344823
345714
345860
347251
347264
347859
347986
348726
348812
335910
335948
335575
335576
336906
336942
336346
336347
337198
337199
337666
337667
337977
338200
338697
338729
339202
339401
340685
340835
340736
341034
344730
344822
345265
345786
346804
346895
346840
346853
347860
347896
348811
348866
335786
335824
335365
335366
336941
336999
335995
335996
336017
336018
337179
337180
337368
337369
337649
337668
337995
338347
338577
338625
338345
338346
338890
339155
340686
340932
341232
341523
346137
346145
347752
347753
347915
348155
348881
348979
335143
335144
335805
335855
336864
336884
337018
337297
336916
336917
336669
336670
336671
337096
337669
337799
338566
338743
338790
339105
338260
338299
338278
338279
338891
338924
340933
341025
341503
341600
346163
346221
347587
347588
348037
348052
348165
348340
335120
335121
336762
336763
336807
336808
336649
336985
336896
336897
336852
336853
336432
336499
336918
337055
337400
337535
337747
338300
338716
338962
338791
339065
339250
339385
338269
338385
338930
338939
341026
341060
341130
341524
346211
346661
347526
347538
348038
348068
336407
336408
336122
336123
336984
337017
336733
336734
336373
336451
336771
336772
336529
336530
336348
336349
335843
336004
336907
336908
337519
337608
337748
338486
338501
338872
339066
339120
338906
339376
339444
339686
341061
341152
341131
341703
341619
341921
345947
346045
347165
347196
347539
347684
348319
348654
336072
336175
335882
335883
337016
337116
336510
336511
336236
336237
334241
334242
335911
335912
335965
335966
336124
336125
335806
335807
335772
335773
336005
336085
336735
337401
336773
337370
337588
337609
337589
337610
339032
339267
338931
339175
338905
339360
339493
339494
339733
339860
341153
341233
341472
341583
342104
342601
345916
346121
346200
346805
346613
346614
347502
347686
347685
347725
348178
348607
348703
348831
335951
336038
336160
336345
335700
335701
337015
337095
336059
336060
333766
333806
335532
335533
335517
335518
335664
335665
335884
335885
335146
335147
335791
335808
336073
336631
336986
337321
336898
337185
337354
337355
337611
337773
339336
339337
339425
339675
339646
339899
340753
340990
341234
341333
341620
342145
342293
343417
342766
343544
346059
346475
346323
346670
346925
346972
346937
346938
347861
347938
348502
348954
335108
335145
335098
335099
337068
337069
335841
335842
333585
333618
334050
334051
335319
335320
334663
334664
334981
334982
335825
335826
335174
335186
335404
335405
335577
335578
336051
336176
337200
337236
337868
337996
339335
339478
339338
339349
339467
339876
339673
339768
340719
340720
341334
341429
341638
341656
342146
342366
343562
343563
343545
343690
345539
346000
346924
347076
347905
348428
349026
349258
349004
349077
335332
335333
337054
337153
335356
335475
335388
335389
334730
334731
334339
334340
334596
334597
335367
335368
335160
335161
335243
335321
335431
335432
335566
335594
336500
336919
336393
336713
337273
337274
337803
338033
339900
340260
339377
339495
339991
340145
339674
339697
340925
340926
341297
341347
341845
342147
343564
343776
345547
346762
345963
345964
347906
348099
349365
350672
349257
349287
349043
349863
350496
352135
335293
335294
334696
334697
336654
336686
335215
335216
335307
335337
334268
334269
333939
333964
332532
332533
334451
334452
335253
335277
334323
334324
334828
334843
335100
335109
335579
335856
336927
337263
336394
336818
336885
336928
337356
337421
338065
338454
339378
339456
339939
340392
341846
342477
341959
342038
343939
344099
345929
346509
345641
345743
347778
347865
348119
348369
349364
349518
350713
352307
349027
349314
349747
349796
350557
351962
334931
334950
335158
335159
334209
334210
336712
336732
334951
334952
334584
334585
333701
333702
333405
333406
334211
334212
334112
334113
334685
334799
334686
334687
334311
334341
334052
334053
334388
334409
335502
335809
335921
336019
336423
336547
337084
337097
337820
338066
339457
339511
340047
340173
341876
342426
342674
342835
341735
341736
341601
341621
343960
344208
344109
344435
346069
346787
347465
347602
348220
348665
349517
349781
352011
352621
352165
352336
349028
349279
349633
349634
349891
350006
350974
351725
352028
352265
334949
335011
334963
334964
333980
333981
333678
333679
336629
336630
334841
334842
334560
334561
333473
333474
333297
333298
333475
333476
334286
334287
333807
333808
334197
334198
334410
334453
335810
335952
336598
336886
337201
337335
337821
338211
339512
340191
340048
340143
339822
340239
342427
342458
342914
342926
341564
341565
341473
341474
343961
344264
344343
344422
344434
344456
346083
346285
347276
347277
347589
347646
348221
348261
348980
349145
349400
349410
349780
349834
352134
352484
352620
352884
352185
352650
349029
349044
349967
350007
350980
351317
335010
335185
334387
334506
333833
333850
333665
333680
336234
336235
334840
334877
334450
334465
333280
333281
332523
332524
333893
333894
334167
334168
333496
333497
334069
334070
334411
334547
335979
335997
336632
336819
337402
337409
337342
337422
338243
338455
339513
339526
340276
340836
340144
340406
342428
342467
342963
343216
341086
341087
344078
344322
345079
345757
344838
344949
346070
346476
347147
347148
347265
347761
347998
347999
348262
348695
348884
349128
349706
349707
349833
349849
352133
352629
352514
352542
352932
353148
352662
352671
348897
349030
349926
349940
350295
350814
350981
351011
351340
351620
335184
335318
334252
334425
333270
333271
333617
333664
333404
333422
336206
336233
334876
334901
334186
334187
333184
333257
332874
332896
332697
332698
333609
333610
333611
333612
332799
332800
333742
333743
334389
334548
336039
336177
336820
336887
337357
337570
338244
338456
338555
338626
339426
339427
339614
340418
340275
340409
340407
340627
342294
342681
342815
343093
344352
344677
344019
344020
345391
346286
345980
346349
345099
345876
346071
346788
348243
348370
348709
348789
349146
349208
349682
349683
349848
349992
352703
352979
353138
353205
348898
349346
348955
349144
349900
349901
350296
350558
350372
350373
351012
351114
334947
334948
333119
333120
333663
333979
333335
333340
335949
335950
332679
332680
333245
333370
332623
332624
332975
332976
333246
333247
333228
333229
332757
332766
333498
333499
334355
334489
334598
334732
336061
336238
337371
337488
337804
337805
338466
339121
339588
339630
340575
340881
340408
340417
342825
343400
344423
344504
344921
345293
343956
344027
345577
346408
346718
346799
345187
345266
345948
345949
345950
348398
348771
349173
349280
348922
349333
349632
349648
349991
350409
352731
352748
349347
349559
349786
349787
350631
350982
350195
350196
350836
350837
332504
332505
333121
333122
333555
333592
332973
332974
335617
335618
333211
333212
332315
332316
331797
331798
332927
332928
331783
331799
332581
332582
333371
333372
334356
334390
333477
333478
334562
334829
337784
337785
338467
338479
339656
340061
340661
340907
340613
340614
342799
343502
344436
344437
345273
346435
345342
345411
346940
347054
345306
345462
345899
346222
348399
348608
348772
348871
348909
349315
349990
350159
350416
350540
353084
353124
352801
353746
349519
349606
349797
349850
350460
350530
350673
351057
350395
350396
350838
350949
333023
333024
333638
334131
332959
333038
334838
334839
333168
333279
332339
332340
331912
331934
332300
332301
331337
331338
332003
332004
331217
331218
332129
332130
332554
332555
332929
332930
332625
332626
334507
334524
334844
334902
338567
338813
339563
339687
340079
340174
340762
340967
340868
340906
342800
343713
344438
344864
346436
346532
345558
345703
347092
347431
345702
346010
346223
346498
348166
348167
348456
348581
348710
348803
348910
348949
350333
350650
350896
351632
353137
353462
352977
353085
353769
353832
350310
350417
350520
350651
351243
351252
350694
351758
333637
333700
334166
334185
332812
332813
334821
334946
333004
333100
332298
332299
331582
331583
332001
332002
331737
332194
330966
330967
331596
331627
330584
330585
331866
331867
332709
332710
332222
332223
334391
334392
334573
334708
338439
338548
338814
339225
340107
340146
340108
340192
343239
343330
344412
344505
346365
346447
345701
346009
346212
346364
346553
347090
348634
348635
349198
349219
350158
350394
350895
351242
351631
351724
353147
353191
353461
353552
352978
353037
353203
353204
354047
354254
350220
350221
350585
350913
351355
351487
351225
351253
351348
351652
333699
333777
332755
332756
334728
334729
332887
332946
332192
332193
331531
331532
331282
331283
331533
331534
332162
332163
330700
330701
330843
330844
330313
330314
332145
332146
334213
334296
333809
333821
334372
334932
334733
334800
338301
338302
338549
338588
338979
339258
340193
340209
342915
343084
343446
343762
344506
344540
346366
346477
346376
346406
346671
346763
347089
347176
348308
348309
349129
349155
350371
350755
351286
351533
351774
351872
353289
353294
353567
353880
354046
354138
354256
354480
350017
350052
350104
350105
350605
350632
351488
351517
351651
351795
333514
333515
333776
333849
332696
332765
334683
334684
332191
332276
332040
332041
331470
331530
331018
331054
331144
331145
331001
331002
331847
331848
330228
330229
330125
330126
332062
332063
333754
333755
333666
333667
333713
333915
334312
334325
334933
334983
334801
334815
337997
337998
338589
338645
338980
339106
338925
339339
340175
340335
342879
342880
344373
344374
344552
344662
346224
346253
346391
346419
346796
346871
347077
347197
347333
347420
348222
348244
349156
349183
350218
350219
351309
351411
351689
352043
353568
353991
353687
353688
354105
354106
354313
354799
354397
354505
349881
349882
351489
353069
351690
351775
351726
352044
351963
352279
332357
332358
332764
332776
334595
334618
332160
332161
331266
331267
331078
331626
330896
330897
330580
330581
330858
330859
331951
331952
333565
333566
333500
333501
333567
333982
334141
334619
335048
335196
334914
335059
337693
337694
338627
338628
339386
339496
339340
339445
340410
340493
342836
342837
342715
343023
344553
344604
344739
344849
346261
346392
346324
346336
346797
346841
347406
347696
348981
348982
349184
349247
350177
350754
351224
351285
351436
351516
352335
352535
353504
353615
354097
354934
354892
354893
351383
351423
353108
353233
352074
352140
352111
352353
352080
352529
332328
332329
334523
334798
331245
331311
330656
330657
330801
330802
330462
330463
330658
330659
331935
331936
333344
333345
334038
335390
334620
334688
335556
335631
337806
337807
338606
338680
340393
340615
340648
340821
342682
342693
342767
343205
344588
344700
345100
345225
346201
346407
346816
347135
347562
347614
350140
350141
350649
350884
351148
351195
351576
352224
351566
352062
352164
352423
353770
353941
354415
355409
355140
355304
351349
351370
351437
351663
353109
353234
352112
352186
352315
352391
352281
352384
352536
352552
334354
334408
331053
331244
331404
331659
330388
330389
330582
330583
331894
331970
333185
333186
335646
335726
338681
338826
340342
340343
340522
340869
340675
340934
342632
342633
342694
342695
343790
343847
344554
344555
344865
344894
345365
345473
346806
347045
347387
347762
350118
350194
350572
350630
351575
351619
351645
352478
352628
352951
352479
352501
353771
353833
354084
354168
354780
355149
355167
355298
351149
351150
351438
351653
353327
353389
352308
352597
352280
352390
352401
352787
334183
334184
330894
330895
330031
330032
330475
330476
331108
331109
333074
333075
333025
333026
335647
335754
335792
336655
338827
339053
340291
340306
340494
340602
342367
342368
342221
342222
344529
344556
344850
344880
345392
345567
346798
346939
347563
347907
350092
350093
350433
350507
351650
352240
353834
353859
354139
354255
354267
355445
355091
355150
355297
355380
350777
350975
350682
351259
351364
351393
351779
351934
353451
353526
352663
352954
352400
352502
352997
354004
330893
331403
330004
330005
329958
329959
330408
330409
331091
331813
331660
331661
332388
332389
331702
332099
332663
332711
332977
333005
335755
335811
336825
337137
336687
337057
339054
339067
339955
339956
340292
340366
340495
340576
340802
340935
341417
341418
342273
342274
344557
344589
344895
345066
345428
345429
345568
345818
346705
346973
347564
348204
350216
350217
350431
350432
351933
352223
353616
353630
354048
354072
354351
354591
355414
355488
350531
350532
350695
350997
351260
351746
351518
352503
353772
353805
352630
352850
352955
353525
352996
353096
353418
354005
354507
330826
330874
329429
329813
329814
329815
329909
329910
329856
329857
330006
330007
331079
331080
331458
331459
331814
331815
332064
332065
332435
332436
332978
333489
335812
335933
336663
337237
337372
337953
337056
337167
338932
339226
340127
340128
340763
340777
341012
341200
341737
341738
342443
342444
344909
345116
345127
345877
346011
346854
347136
348371
348372
350090
350091
350506
350597
351978
352264
353631
353670
353924
353925
355620
355779
350397
350410
351747
351882
351519
352316
352598
352599
352896
353370
352885
353086
352952
352953
353139
353192
353417
353463
354006
354098
330748
330762
329532
329533
329633
329634
329396
329397
331584
331612
331321
331322
331748
331749
331430
331520
332224
332287
332979
333438
335967
336062
337670
338317
337473
338146
337999
338303
336865
336866
337166
337787
340129
340194
340991
341235
341704
341705
344910
345401
345188
345393
345134
345154
345494
345984
347031
347046
347137
347319
347621
348414
348790
349785
349822
349538
349539
350753
351363
350596
350790
350259
350260
351883
351915
351520
352012
352337
352464
353430
353438
352711
352793
353499
353617
353524
353632
354099
354153
330311
330312
330761
330842
328986
328987
329587
329625
331366
331367
331019
331020
331628
331642
331065
331219
332206
332207
332302
332303
332547
332994
335922
335943
336074
336395
337536
337718
338000
338557
338550
338578
337154
337358
337786
337918
340992
341392
341602
341603
345569
345657
345274
345443
346034
346164
347108
347790
347630
347866
349778
349779
349206
349207
349486
349487
351070
351165
350789
351102
350128
350129
350222
350418
351935
352909
352465
352712
353536
353704
353633
353896
330069
330070
330841
330913
329461
329462
330931
330947
331349
331350
331220
331323
331718
331719
332317
332368
332627
332738
333010
333213
336126
336274
336424
336562
337869
338082
338558
338579
338731
338914
338556
338744
338015
338173
340968
341164
345728
345981
346035
346046
347091
347238
347867
348168
349745
349746
351858
352010
351180
351498
349851
349852
350142
350242
350533
350541
351936
352241
353165
353166
353804
353860
353905
354179
329946
329947
329907
329908
330930
331243
329298
329299
330875
330876
330977
331003
331205
331206
332147
332148
332181
333011
333052
333282
333522
336563
336837
338212
338331
338708
338993
338730
338792
339307
339479
339127
339361
340754
341349
345540
346084
346060
346110
348169
348609
352139
352352
351179
351301
349732
349883
349748
349927
350243
350311
350720
350925
351849
351850
352402
352424
353803
353947
354239
353906
353934
354398
354574
330892
331167
329202
329203
330781
330827
330845
330898
330805
330806
331004
331005
331110
331111
332131
332132
333053
333195
333744
334093
336838
336854
338245
338280
338709
339184
338965
339156
339327
339402
339288
340261
340662
340663
341348
341468
348621
348666
352211
352528
349500
349585
349928
350008
350731
350914
351780
351781
351979
352494
352466
352485
354058
354915
354325
354326
353926
354115
331166
331290
329080
329081
329082
329083
330511
330512
330586
330803
330804
330968
330969
330624
330736
332082
332149
333196
333397
333767
333895
336826
336920
338468
338487
338316
338367
338646
338732
338908
339341
338964
339068
339549
339615
339590
339957
340908
340909
341726
342139
348667
348704
352710
352730
349436
349467
349993
349994
350743
350778
351577
351578
351702
351703
352515
352571
352651
352871
354107
354238
355051
355183
354191
354761
330911
330912
331300
331429
328666
328667
328797
328798
330362
330363
329949
329950
330540
330541
330813
330814
330184
330625
332015
332016
331703
331738
333187
333556
334102
334253
334373
334508
336472
336512
336929
337099
338315
338629
339023
339734
338907
339958
338897
340004
339589
339992
340080
340195
340969
341298
342138
342184
348761
348791
352869
352950
352931
352949
349607
349708
349985
349995
351664
351665
352956
352980
354324
354662
355064
355335
354257
354846
330788
330800
331336
331542
328153
328154
330433
330556
329368
329369
330390
330391
330331
330332
330569
330570
330717
330914
331543
331544
331849
331879
332133
332402
332277
332855
333568
333778
334525
334621
336513
336564
337058
337098
337100
337101
338658
338778
338913
339468
340090
340240
340970
340993
341377
341459
341860
342314
348813
348840
352870
352883
349527
349528
349694
350064
351534
352063
353038
353193
354506
355018
354258
354973
330799
330840
331090
331335
328238
328267
330230
330633
329770
329948
329886
329894
329572
329573
330542
330543
330718
330728
331784
331895
332450
332875
332856
332897
333569
333834
333950
334297
334760
335049
337155
337254
337202
337298
336260
336565
336688
337264
338815
338963
338912
339379
340241
340344
341350
341378
342716
342900
348792
348825
348503
349157
352994
353416
349477
349549
351535
351536
353059
353070
353206
353328
354561
355050
354670
354847
328120
328257
329641
329642
329643
329430
329786
329463
329550
329204
329205
330342
330343
330729
331021
331585
331586
331767
332238
333155
333810
332514
333076
334039
334859
334574
334802
334761
334822
337410
337500
337029
337030
339514
339657
339823
340542
341062
341176
341475
341657
343024
343129
349005
349595
348937
349209
352995
353057
353415
353497
351439
351440
353207
353235
353419
353464
354831
354986
355245
355246
354671
354916
328036
328037
329385
329588
329160
329161
329440
329539
330254
330255
330702
330877
331629
331630
332341
332390
333077
333138
333258
334040
334326
334734
335369
335035
335084
337501
337612
336909
337042
340458
340477
341191
341201
341714
341773
343050
344466
343177
343447
349006
349031
349635
349636
353058
353145
351424
351441
353236
353290
354952
354953
355007
355327
327761
327816
329439
329495
329070
329071
329017
329538
329800
329801
330173
330174
330231
330749
331443
331444
332391
332857
333259
333383
334327
334509
335619
336075
335217
335338
337489
337883
337624
338046
336664
337043
340616
340703
341254
341335
341202
341203
341788
341922
343195
343429
343465
343503
349032
349375
353146
353214
351442
351820
353315
353580
354951
355092
354972
355233
327599
327600
327817
327875
329494
329745
328835
328836
328155
328165
328988
328989
329496
329497
329911
329912
331228
331229
332392
332788
333260
333446
333407
334019
334510
334735
335886
335913
335334
335968
335648
336031
337884
338175
336672
337181
340704
341063
341320
341336
341192
341299
341923
342306
343194
343610
353240
353288
351412
351980
353537
353569
353618
353634
355207
355392
327372
327373
329133
329176
329407
329722
328426
328447
328601
328602
327531
327532
329257
329258
329278
329279
329713
329714
329895
329960
331739
332239
333139
333140
333457
334005
334736
334784
335914
335934
336086
336127
337625
337626
338174
338304
337265
337385
341300
341430
341789
341924
342396
342734
343648
343663
343864
353359
353398
351287
351288
351997
352029
353619
353806
329084
329085
329536
329537
328268
328269
328559
328560
327138
327152
328108
328109
329321
329322
329689
329690
329961
330256
331126
331643
331644
332393
332931
333423
333502
334006
334298
334886
335012
338246
338760
337247
337671
337403
337936
341694
341752
342050
342429
343025
343051
343911
344323
343925
343926
353498
353779
351272
351273
351261
351425
351998
352113
352296
352317
353420
353431
353807
353964
328799
328848
329516
329535
328397
328398
326609
326641
328707
328708
329498
329499
331754
331827
331545
331546
332278
332712
332556
332932
333965
334299
334478
334612
334887
335197
338222
338356
338828
338873
337203
337299
342051
342092
342250
342655
342768
343142
344000
344265
353658
353780
353778
353895
351244
351245
351964
352141
353371
353372
353821
354108
353976
354140
328600
328741
329514
329515
328219
328220
326582
326583
326640
326681
328511
328512
328961
328962
329018
329229
331471
331512
331686
331687
333012
333027
333865
333896
334439
334888
334479
334563
335198
335244
337862
337863
338332
338885
338524
339157
337168
337169
337300
337301
342369
342602
343470
343927
353792
354096
353923
354032
351132
351133
351937
352075
353329
353330
354221
354222
328194
328195
329534
329604
328810
328811
327257
327291
326242
326243
326680
326849
328138
328139
329031
329032
329056
329117
331913
331937
332150
332195
333013
333385
333822
333823
334270
334313
335199
335406
335295
335756
338247
338261
338886
339033
339227
339239
339289
339497
337282
337520
342370
342493
343940
343962
354031
354152
351124
351350
353316
353373
354220
354342
328179
328359
328635
328636
326848
326873
327601
327602
328785
328786
329118
329188
331768
331769
331953
332051
333384
333439
333824
333851
335407
335452
335857
335862
338248
338425
339185
339268
339260
339676
338892
339362
339515
339726
337204
337205
337546
337547
342494
342511
351044
351045
351426
351490
353295
353331
354365
354416
328121
328122
326846
326847
326824
326825
328166
328167
329189
329269
331645
331646
332017
332342
333373
333490
333916
334071
335453
335476
338426
338607
339259
339901
336673
336674
342495
342496
342927
343848
350976
350977
353317
353332
354381
354663
328052
328325
327918
328038
326731
326732
328491
328492
328483
328493
329190
329270
329561
329589
331971
332437
332359
332462
333248
333249
335370
335420
338717
338746
339959
340015
337000
337044
342251
342295
342827
343052
350870
350871
353333
353399
354380
354575
354672
354781
327834
327942
327740
327741
326469
326470
328156
328482
328283
328284
327895
327896
328448
328449
329271
329787
329605
329673
331785
332196
332494
332583
333214
333250
335308
335309
335122
335433
338525
338718
338745
338761
340062
340293
336633
336634
342296
342659
342826
344183
350839
350840
353318
353646
354705
354849
354848
355020
327778
327779
326014
326015
327480
327481
327835
327836
328326
328450
329230
329259
329962
330273
331662
331755
333086
333101
335092
335774
338526
339034
338223
339158
338502
338816
340196
340380
340294
340557
336548
336549
342252
342350
342675
342706
350803
350804
350822
351024
353306
353307
354725
355169
354863
354871
327688
327689
326013
326076
325956
325957
327016
327017
328076
328110
328884
328885
329231
329240
333039
333040
333102
333386
335408
335503
336032
336136
338843
339055
338893
339128
338213
338214
340591
340860
336484
336531
342478
342479
342838
343241
350938
351151
353282
353505
354816
355247
354870
354974
327520
327521
327876
325822
325823
325562
325563
326948
326980
325697
325698
328111
328292
329241
329323
333087
333690
335434
335464
339446
339993
338097
339069
340592
340936
340870
341002
336485
336486
342839
342868
343240
343515
350950
350978
351152
351443
353258
353259
354714
355208
354862
355168
327454
327563
327894
327917
325642
325643
325197
325214
326961
327015
327990
327991
328386
328451
329057
329260
329551
330424
333061
333811
335357
335358
339447
339605
339790
340419
338001
338116
340778
341013
340859
340910
341141
341255
336222
336223
336433
336576
342707
342869
351444
351537
353237
353296
354715
354832
354724
355019
327125
327126
327916
328137
325363
325384
325021
325022
326610
326611
326979
327044
327847
327848
328769
329101
329590
330485
333041
333681
335359
335435
339604
339746
337919
337920
337822
338123
340755
340937
340523
340543
341140
341379
335863
335864
336128
336137
336190
336191
336867
336921
342760
343269
351579
351588
353167
353168
353506
353527
354833
355209
354703
354704
327105
327106
327043
327107
324699
324700
326568
326569
327277
327278
327725
327780
329591
329802
332534
333198
334934
334935
335421
335557
339747
339769
337502
337637
337864
338262
338124
338590
341380
341381
336006
336007
336040
336041
336178
336323
336922
337031
342683
342881
343286
343356
351596
351704
352981
352998
353155
353465
354817
354937
354702
354815
354688
354689
327099
327124
324635
324636
326405
326431
326336
326337
327080
327081
327781
327897
329574
329606
329803
329877
332876
332933
333197
333261
335371
335465
340049
340705
337571
337590
338630
339078
335727
335728
336152
336161
342512
342513
342854
343063
342785
343287
343565
343928
352737
352738
353194
353319
354706
355184
354814
354936
327057
327236
324514
324588
326404
326441
326232
326233
326981
327082
327726
328090
329963
330609
332858
332898
333262
333458
335254
335255
335372
335373
339795
340147
337440
337441
337971
338368
336162
336362
342075
342076
342497
342589
343457
343475
343026
343130
343625
344192
344209
344762
352652
352672
352673
352674
354268
354269
354935
354954
326678
326679
327290
327439
324411
324487
326349
326350
326430
326454
326863
326864
327655
327837
328409
328452
330018
330303
332438
332439
333114
333199
333479
333652
334665
334666
340148
340242
336958
336959
337386
337423
336063
336064
341808
342172
343546
343791
343270
343271
344243
344325
344761
344840
345211
352582
352691
354782
354938
326625
326626
324393
324394
326473
326642
325140
325141
326718
327018
327642
327643
328420
328503
329913
330157
330373
330737
332403
332495
333653
333825
334653
334737
340262
340804
336736
336737
336970
337001
337424
337701
341715
342093
343649
343835
343836
344210
343974
344458
344100
344326
344740
345002
352152
352957
354732
354744
326489
326490
324141
324142
324225
324226
326471
326472
324979
324980
325044
325045
326697
326698
327550
327644
328561
328869
329398
329399
330175
330286
330190
330544
332404
332823
333613
333639
334454
334667
334738
334830
340277
340394
340803
341118
336350
336351
337002
337045
337457
337591
337921
338067
341604
341639
342115
342223
343882
344763
343837
343986
344079
344211
344457
344882
345013
345226
352354
352355
352982
353039
354631
354632
354633
354879
326314
326315
323534
323535
323739
323740
324143
324144
326643
326644
326531
326767
327510
327564
329607
329608
330158
330571
330846
330978
332288
332360
334426
334427
340130
340131
340510
340764
336076
336087
337046
337059
337563
338440
341622
341640
342224
342351
344101
344566
343626
343627
344080
344344
344881
345147
344897
344898
345637
345662
354240
354241
354605
354673
354955
355021
325835
326157
326212
326213
323598
323599
323750
323815
326598
326599
326474
326475
326491
326532
326918
327037
327565
327617
330149
330410
330932
330979
332289
332440
334300
334301
340109
340149
340496
341321
335729
335730
337047
337182
337564
337730
338591
338747
341679
341960
344102
344867
343401
343418
344345
344424
344805
344806
345189
345594
344896
345190
354592
354593
325773
325774
326166
326365
326143
326144
323548
323549
326178
326179
326295
326296
326533
326682
327325
327326
327672
328656
330097
330127
330980
331022
332598
332628
334199
334200
334243
334575
340110
340243
340497
341048
335720
335745
336774
336775
337731
338016
341658
341905
345117
345967
343229
343230
343448
343883
344439
344567
344574
344626
345155
345294
345607
345730
344866
345067
354286
354562
325632
325633
326114
326115
326364
326429
326116
326392
323001
323195
326167
326168
326683
326808
327292
327293
328196
328616
330128
330445
330847
330981
332801
332824
334114
334115
334228
334271
339748
339749
340244
340263
335731
335746
336764
336776
337627
337899
341088
341469
341906
342094
345819
346012
345524
346073
343073
343074
344605
344629
345729
345758
344627
344628
345156
345642
354726
354850
354550
354594
325500
325714
326553
326677
325481
325955
322937
323000
325872
325888
327279
327410
328410
328411
328689
328742
329981
330274
330750
330751
330982
331496
332814
333230
334007
334008
334272
334314
340345
340411
335747
335827
336614
336615
338002
338551
341861
342095
345952
346122
344397
344398
344663
344775
345768
346001
344614
345135
345692
345966
354975
355151
354352
354440
354595
354745
325283
325284
326552
326872
325804
326012
322921
322922
325715
325716
327228
327496
328293
328304
328690
328886
329935
329964
330703
330719
333231
333299
333387
334273
334576
340381
340395
340511
340994
336550
336551
338017
338083
341877
342263
346086
346147
346123
346393
344807
345091
345233
345444
344459
344495
345210
345787
346020
346146
355170
355410
354169
354170
354171
325213
325230
326530
326676
325787
325788
326030
326052
322703
322704
325669
325678
327175
327189
327698
327699
328900
328916
329914
329915
329878
329965
330191
330192
330720
330752
333388
333419
334244
334480
340382
340383
340558
341312
336487
336827
338018
338019
342338
342468
346085
346533
346873
346885
346072
346310
346478
346523
344764
344776
345445
345578
344300
344324
344523
344565
345402
345478
355435
355474
354033
354034
324740
324741
325229
325572
325696
325756
325446
326366
325516
325517
327176
327258
327849
328077
327690
327691
328901
329966
329311
329312
330848
331207
333516
333536
334229
334532
339805
340367
340617
340805
336324
336325
337937
337938
342459
342561
346665
347020
347166
347216
346524
346672
345579
345820
344839
344950
345412
345789
355129
355452
354019
354020
324620
324621
325405
325406
325386
325501
325387
325582
327162
327455
328787
329177
329967
330033
330815
330983
334169
334230
340498
340846
339806
340368
340871
341301
336224
336225
336315
336461
337900
337901
337939
338034
342024
342025
342560
342840
346664
346917
346617
346620
346377
346420
345788
346047
355473
355492
353538
353539
354007
354109
324567
324568
324877
324878
325362
325641
325256
325257
325937
325973
329178
329464
329839
330176
330214
330704
334072
334288
339824
340412
340336
340337
336275
336276
336577
336888
337672
337673
337865
338035
346350
346510
346975
347452
347057
347347
347093
347150
346409
346437
345769
345965
355472
355610
354154
354399
324299
324300
325319
325320
325058
325268
325215
325216
326002
326158
329816
329840
330344
330641
331068
331460
330705
331036
333951
333952
334328
334342
339825
339838
340197
340198
335828
335829
336077
336078
336943
337102
337458
337459
338386
338682
338036
338318
345951
346490
346652
346685
347239
347240
347177
347292
347346
347354
346438
346666
345842
346019
354441
354576
324162
324163
325155
325634
325005
325006
325267
325310
325094
325217
329691
329858
330333
330374
331521
331572
333691
333692
334639
334816
334357
334526
339516
339517
339839
340443
336052
336088
338503
338710
337885
337886
338333
338387
345930
346192
347119
347149
346615
346616
347407
347565
347484
347549
346421
346855
346719
346817
354442
354494
324113
324114
325018
325019
325122
325655
325656
324855
324886
325309
325385
324856
324857
325218
325321
329859
330098
331786
331800
333693
333835
334709
334889
334343
334915
339796
340512
340444
340524
336008
336009
336089
336138
338527
338994
337902
338003
338319
338320
338441
338504
347055
347056
347649
347763
346378
346464
346601
346856
346886
346977
354495
354641
324052
324101
323987
323988
324977
324978
324854
325020
325335
325420
324762
324763
324751
324752
325322
325502
331828
332042
333917
334231
334860
334953
334344
334345
335026
335075
340355
340369
335732
335733
336226
336326
338540
339229
337460
337461
338201
338202
338442
338711
338874
338966
346594
347118
346573
346574
347669
347954
347803
347885
346367
346422
347058
347293
346958
346976
323572
323573
323546
323547
324709
324911
324197
324198
324669
324670
325564
325873
334466
334845
340370
340603
335534
335535
335549
336207
336227
339024
339186
339228
339261
337302
337303
338054
338068
338469
338470
346926
346974
347018
347019
347916
348017
347804
347956
347955
349199
346351
346352
346423
346424
347241
347279
347566
347805
323490
323491
324546
324688
324395
324396
324537
324538
325889
326153
340721
340822
335477
335478
335422
335423
335944
335945
336228
336330
338898
339209
338047
338098
338413
338443
346883
346884
346572
346593
347016
347017
346915
346916
347898
347899
348123
349664
348018
348796
346325
346326
346425
346887
347806
347815
324444
324445
324359
324360
323989
323990
324488
324528
325938
326101
340706
341035
335256
335257
336434
336501
339240
339308
338399
338400
347015
347047
347897
347941
348245
348336
349720
349768
348041
348205
348814
349259
346148
346149
345580
345581
346368
346394
346818
347120
347791
347816
347931
348350
324067
324102
324392
324463
323682
323688
323853
323854
324529
324689
325470
326297
340707
340737
341177
341264
335101
335226
336532
336552
339309
339403
338401
338402
347002
347003
347930
347978
348610
349540
348140
348189
349751
349980
349806
349837
348019
348206
348246
348384
349060
349401
345403
345404
346087
346088
346697
346741
347817
347868
348141
348324
324011
324175
324195
324196
323680
323681
323836
324028
324690
325023
340765
341165
341263
341283
334965
334984
336553
336828
339404
339688
346956
346957
347967
347988
348158
348349
348459
348795
349734
349866
349913
350065
348076
349130
348360
349288
348568
348685
345917
345918
346479
346807
347869
347989
348180
348591
323835
324115
323426
323427
323910
324083
323666
323667
324084
324199
325024
325644
340766
340947
341089
341382
335013
335360
336554
336566
336665
337032
339405
339428
339877
339940
347987
348040
348544
348684
348867
348972
349735
349769
348170
348323
348622
349159
345525
345526
346426
346857
347849
347850
348077
348207
348361
348832
323345
323410
323212
323213
323616
323795
323455
323456
323886
324212
324412
325007
325219
340948
341448
341404
341533
336208
336261
337033
337103
339429
339581
340150
340338
339941
339973
348039
348070
348872
348956
349752
349952
348179
348341
348696
349033
346002
346003
345518
345519
346269
346270
347807
347808
348385
348592
323093
323094
323397
323532
323783
323852
323227
323228
340949
341961
341119
341403
341534
341546
336738
336777
337128
337255
339582
339606
340176
340211
339807
340618
339974
340264
348069
348102
345376
345377
345527
346074
347792
347886
348400
348405
348593
348672
323040
323041
323327
323328
323533
323561
323871
324001
323214
323284
340779
340780
341476
341686
337266
337283
340037
340063
339960
339961
339797
339826
348101
348157
344986
344987
345982
345983
346480
346720
347742
347743
347908
348124
348697
348686
348873
323022
323023
323042
323043
323009
323057
341685
341763
337275
337336
339861
339903
339808
340738
340420
340911
348636
348794
345861
345862
347603
347604
347909
348247
348728
348973
348874
349061
322598
322617
322755
322756
323058
323442
341926
341943
337373
337537
337343
337788
339902
340092
339809
340459
340687
341036
340938
341154
348655
348727
345863
345878
347485
347486
347887
348460
349078
349211
322512
322524
322404
322405
322652
322757
323024
323131
341985
342062
342010
342079
337411
337628
339894
339895
340091
340210
339922
339923
340460
340619
340688
340861
341050
341419
340971
341257
348671
348827
348744
348793
345759
345770
345968
346021
347487
347488
347888
348406
348885
349212
322450
322451
322291
322292
341832
341833
337474
337638
339904
339905
340525
340620
341049
341236
341256
341351
348669
348670
349059
349158
349232
349348
345704
345705
345663
345985
347466
347467
347889
348208
348449
348849
348944
349300
322129
322130
322015
322016
341848
342352
342435
342446
337475
337548
338528
338529
339862
339896
341284
341437
348668
348804
347847
347848
349210
349766
349174
349608
349334
349417
345623
345643
345528
346150
347388
347389
347518
347527
347851
347917
348528
348985
349301
349667
349323
349649
322061
322143
321831
321832
341847
342445
342412
342549
337565
337592
341109
341383
341071
341438
348457
348458
349767
350019
349623
349687
349418
349574
345644
345821
347320
347321
347519
347550
347567
347687
348264
348429
347918
347968
349034
349062
349335
349575
349697
349954
349666
349713
321997
322128
321672
321673
342382
342469
342413
342524
337549
337550
337702
338048
341584
341605
341585
341907
348826
349007
348382
348383
349637
349750
350059
350107
349749
350606
345479
345480
347309
347390
347432
347433
347551
347568
348545
348673
349079
349115
349366
349489
349770
350009
349712
349753
322014
322346
321564
321565
342523
342562
337521
337650
338055
338186
341790
341862
341817
341927
348983
348984
349376
349469
348322
349248
349663
349824
350020
350042
350334
350350
349836
350130
345446
346013
347391
347424
347408
347409
347489
347809
347590
347591
348911
349114
349356
349402
349490
349541
349665
349737
349853
349953
321376
321377
342536
342619
343053
342660
343027
337442
337443
338224
338305
342297
342550
341944
342124
348938
349221
349468
349711
348273
348274
348899
348943
350471
350721
349941
350029
345366
345367
345495
346165
347453
347454
347818
347919
349624
349625
349736
349808
321211
321212
321304
321305
342875
343242
343075
343108
342534
342535
342563
342661
342646
342966
342125
342185
349322
349488
349220
349520
348223
348224
349437
349812
350497
350542
349996
350041
345118
345119
345330
345582
347355
347356
347357
347434
347435
347870
347969
349807
350043
320921
320922
321213
321214
343243
343272
342522
342841
342514
342515
342551
342929
342709
343146
341818
342480
349573
349835
348100
348122
349864
349865
350559
350560
350543
351125
350278
350598
344701
344702
345282
345283
347032
347033
347425
347436
347490
347810
348087
348103
349722
349723
350224
350312
342786
343357
342328
342381
342916
342965
341815
341816
342930
342991
342708
343046
349686
349902
349929
349979
347953
348263
348121
349113
349823
349892
349978
350040
350544
350586
350659
350683
344630
344631
344507
344508
345267
345275
346949
346950
346774
346775
347410
347411
347437
347605
347569
347632
347862
348104
349721
349798
350279
350351
343370
343476
342964
343143
342077
342078
342882
342883
343207
343764
343045
343156
349685
349696
350018
350143
350106
350223
347939
347940
348120
348321
348924
349096
349977
350374
350081
350244
350587
350779
351134
351326
344060
344061
345257
345295
346706
346707
347294
347438
347863
347957
348248
348265
350472
350480
343533
343744
343197
343259
341925
342009
342564
342565
343206
343244
343849
343874
342787
343402
349684
349695
350160
350270
350434
350897
347615
347648
348000
348156
348320
348475
348923
349456
350100
350444
350780
350841
351181
351196
344195
344196
345157
345158
346395
346396
347280
347281
348275
348325
350545
350732
350508
350823
343763
343778
343196
343299
342662
342663
343964
344330
343300
343301
343419
343516
347482
347483
347647
347727
349586
349733
350633
350634
350872
350898
351227
351371
343673
343674
345120
345559
346151
346152
347242
347243
348190
348461
348310
348326
350546
350617
350873
351082
350498
350522
343792
343840
343777
343839
342801
342816
342577
342664
344165
344331
344362
344401
343155
343179
343430
343534
343517
343885
347334
347335
347336
347337
347548
347726
347741
349596
350178
350983
350984
351226
351277
344951
345245
345673
345790
347232
347638
348373
348762
348611
348657
348191
348327
350636
350637
350926
351183
350699
351229
350521
350534
343838
343884
343342
343466
342578
343169
344117
344166
344354
344460
343144
343145
342769
343198
343550
343640
343485
343505
347307
347308
346872
346955
347278
347421
347422
347423
347631
347827
351209
351290
350985
351182
351275
351276
345674
345879
345520
345843
347178
347244
348407
348552
348637
349116
348656
348850
348192
348374
350638
351013
351246
351395
350616
350791
343672
343691
343912
344126
342566
343029
342770
343245
344167
344246
344664
344741
342762
342763
343358
343378
343549
343827
347503
347779
346764
346765
351289
351327
351210
351302
351274
351445
345608
345715
347151
347576
348482
348745
348887
349160
351427
351567
350986
351197
343504
343611
344193
344194
342567
342568
342828
342992
342788
343518
344139
344301
344067
344633
344713
344937
342717
343028
343841
343963
346662
346663
346766
346822
351211
351291
351341
351394
351262
351263
351471
351722
347109
347110
347233
348505
348957
348504
348529
348925
349457
348951
349161
351670
351776
351589
351885
343471
343484
344081
344245
342736
342747
343519
343735
344302
344355
344332
344440
344967
344968
342735
342928
344001
344028
346308
346309
351458
351499
350696
350697
350714
347021
347034
346575
346576
348886
348950
349470
349598
349292
349324
349162
349249
351691
351707
344276
344277
342525
342526
344197
344198
344356
344357
344988
344989
345160
342761
343178
342603
342842
344138
344212
351607
351727
350588
350635
350698
351228
346554
346555
347035
347036
346577
346621
349471
349576
349597
349739
351896
351999
351706
351821
344244
344413
342383
342604
343942
343943
344358
344425
345148
345234
342644
342645
344137
344164
351796
351859
350398
350399
350674
351171
346439
346440
346622
347094
349377
349426
349587
349626
349754
349813
352137
352257
344051
344136
342384
342634
342620
343180
343765
343766
344467
344714
344279
344280
351782
351832
351916
352031
346369
346370
347121
347198
349986
350061
352320
352450
342315
342316
342802
343288
343650
343651
344541
344790
344278
344353
344482
344765
351705
351728
352030
352142
346254
346255
346256
347122
347179
347412
347728
350101
350197
350060
350179
352319
352467
342236
342237
343486
343487
343894
343944
344791
344923
344400
345343
344911
344936
351669
351729
352242
352318
345484
346027
345508
345509
346202
346262
347217
347920
350131
350198
349610
349611
350272
350864
352202
352631
342470
342481
343779
343793
344938
345068
344399
344648
351654
351884
352338
352339
352495
346014
346022
345880
345881
345529
345530
347218
347234
350132
350435
349609
349689
350271
350297
350375
352213
352749
341863
341864
342275
342931
343420
343431
344922
345174
345101
345463
344632
344712
351608
351621
352543
352553
345430
345447
347219
347220
350144
350163
350446
350853
349688
349738
350336
350968
352765
352833
341659
341660
342154
342155
342737
342748
345080
345448
345583
345624
344732
345159
351622
352013
352544
352675
352200
352916
346698
346699
347180
347670
350164
350298
350676
351184
349714
349715
350335
350420
352873
352886
341547
341548
342105
342106
342197
342527
343076
343077
345038
345092
345609
345807
345658
345791
343941
343987
352676
352806
352199
352693
347138
347139
350165
350535
351135
351264
350419
350445
352933
353000
341265
341449
342039
342040
342684
342917
344952
344953
345405
345584
345676
345806
343638
343639
352664
352713
352858
353125
352188
352600
347059
347078
350180
350987
350481
351033
353126
353156
341225
341313
341986
342307
342944
343094
344954
345121
345675
345731
343547
343548
352714
352739
352963
353044
352537
352538
347079
347282
350181
350182
350225
350998
351136
350500
350589
351092
351103
353215
353320
341166
341167
341892
341893
342945
342967
344930
344990
343388
343389
352601
352802
352964
353040
353097
353149
352505
352506
347095
347616
350199
350226
350499
350573
350904
351396
350700
351460
353360
353553
341027
341178
341302
341303
341782
342471
342605
342606
344883
345136
352201
352212
353170
353298
352168
352504
352432
352433
347096
347167
347633
347639
350200
350201
350619
350227
350245
350618
350757
353375
353466
340756
340757
340795
340796
341753
341945
344851
344852
353297
353440
352187
352198
352098
352136
347060
347061
347199
347235
347754
348042
350202
350246
350722
350928
350756
350927
353376
353441
340722
340939
340892
340912
340628
340629
341480
341481
344824
344825
344826
344827
353439
353581
352197
352692
352081
352082
346499
346500
347200
347634
347266
347338
347764
348020
350166
350167
350988
351046
350161
350162
350675
350967
340847
340848
341482
342080
344777
344778
353718
353747
352704
352805
351938
351939
346287
346288
347181
347182
347819
347828
350119
350133
350939
350952
340621
340622
341110
341470
341849
342173
344779
344828
353570
353647
353822
353883
352732
352958
346534
346535
347183
347184
349903
349904
350183
350400
350951
350966
341304
341962
344733
344853
353842
353977
353882
354009
352583
352872
352999
353011
346525
346526
347168
348225
349690
349691
350228
350509
350411
350436
350965
351115
341204
341210
344678
344679
345025
345199
353843
354010
354085
354463
353881
354008
352166
352167
353028
353110
346371
346372
347152
347185
349387
349403
350229
350599
350964
351059
340513
340559
341211
341237
344649
344991
354011
354021
353738
353793
354050
354159
352153
352154
353169
353195
346213
346214
346623
346624
347236
347252
349357
349367
350230
350231
350744
350815
350781
350782
350715
351058
341142
341143
341687
344634
344635
354049
354367
353260
353452
346203
346204
346595
347111
349336
349337
350010
350011
350184
350185
350915
351083
351230
351278
340995
341014
344530
344808
354366
354401
353261
353291
353507
353508
347037
347201
349302
349316
349303
349317
350145
350885
351318
351342
340862
341226
341090
341525
344441
345003
354250
354251
354400
354606
353266
353374
353422
353423
353509
353689
346987
346988
347202
347640
349063
349064
350146
350147
351372
351428
340637
340638
344363
344680
354287
354634
353421
353432
353781
353861
346874
346875
347650
347651
349045
349065
350168
350792
351446
351538
351429
351459
340560
340561
344118
344119
344742
344969
354835
354917
353927
353965
346441
346442
346876
346888
347839
347970
348506
348507
350169
350620
351472
351633
340544
340639
344032
344033
344120
344346
354834
354976
354035
354223
346271
346311
346099
346100
346823
347339
348062
348337
348773
348774
348815
348816
350170
350171
351715
351833
340396
340397
340421
340649
341051
344021
344052
344068
344069
355008
355171
354036
354172
345953
345954
345531
345532
346602
346721
348063
348143
348142
348401
348763
348764
348775
348841
350148
350149
351834
352045
339878
339879
340422
340461
340893
341179
344062
344524
354192
354642
347140
347322
346536
346708
347979
348001
348452
348698
348450
348451
348746
348805
350150
350352
352065
352356
339736
339737
339772
339773
340872
340873
344266
344743
354690
354762
347153
347310
346465
346466
347793
347840
348729
348734
348462
348868
348705
348833
350108
350461
352064
352143
352340
352434
339677
339735
339962
340050
341168
341285
340874
341015
344247
344327
347323
347592
346379
346380
348508
348531
348415
348570
348530
348986
350102
350109
352215
352556
352297
352403
339617
339618
339880
339881
340094
340199
340875
340882
344155
344156
346381
346951
348569
348643
348974
349008
350094
350095
352214
352622
352266
352435
339616
339658
339363
339415
339770
339771
340478
340479
340894
341247
344140
344442
346289
346448
348650
348674
350082
350083
352695
352750
352144
352425
339583
339995
339035
339036
339848
340006
340895
340896
341352
341431
344141
344157
346272
346273
348483
348851
350084
350247
352694
352767
352046
352047
339567
339568
338542
339005
338594
338595
339634
339698
340863
340927
341384
341471
344034
344531
345496
345497
346124
346125
350062
350063
352766
352803
351965
351981
339520
339521
338505
338506
339004
339310
338457
338458
339540
339541
340837
340838
340689
340723
341091
341915
344035
344053
346126
346491
350044
350437
353111
353128
351982
352480
339498
340016
339328
339329
339230
339292
338334
338371
338335
338336
340462
340463
340526
340806
342052
342053
344010
344011
344127
344426
346101
346511
350030
350261
353098
353099
353129
353171
351716
351768
339519
340005
338875
338876
338187
338203
338306
338403
340514
340623
340664
341132
342174
342175
343975
344012
346048
346049
349838
349839
349942
353208
353377
339518
339566
338488
338833
338126
338127
338159
338188
340480
340481
341193
341337
342187
342472
343359
343360
344002
344168
346050
346257
349438
349458
353196
353225
353390
353671
338909
338910
339565
339592
338659
338804
340445
340593
341120
341576
341850
342186
343929
343930
344248
344289
345931
346036
353127
353140
353391
353510
339131
339132
339633
339994
338647
338648
340594
340630
341526
341894
342430
342448
341791
341792
343913
344267
345541
345542
352887
353012
353528
353648
338831
338832
339632
340093
338369
338370
340398
341016
340823
340876
341963
341976
342253
342447
343865
344281
345413
345414
345521
346205
352818
352819
353071
353182
353672
353757
338779
338780
339631
339750
338250
338251
338281
338282
339798
340384
341819
342126
342276
342308
343805
343817
345986
345987
346492
346537
352486
352487
353334
353335
353690
353884
339591
339906
338249
338264
340385
340515
342264
342482
342371
342884
343780
344290
345969
346037
346667
346722
353705
353928
353948
354037
339539
339564
337978
337979
338263
338631
339827
339828
340581
341072
342317
342340
342277
342436
342339
342552
342696
343157
343736
343895
345822
346443
346858
346978
354134
354193
338940
339350
337374
337375
337852
337853
339791
339799
342414
342415
341824
341834
343714
343715
345771
345772
347203
347204
354133
354164
338899
338900
337850
337851
339983
339984
339800
340545
342665
342946
342198
342199
343692
343693
345706
345864
354328
354355
339290
339291
338147
338215
338100
338125
340604
340824
342891
343064
342829
342830
343652
343886
345464
345465
345988
346153
354418
354551
339129
339130
338099
338348
340605
341003
342749
342890
343289
343290
343653
343700
345128
345129
354443
354747
338541
339159
337940
337954
340499
340631
341227
341353
343231
343232
343085
343111
343701
343728
345122
345123
354259
354497
338829
338830
337761
337762
340446
340447
340640
340913
341286
341367
343109
343110
343458
343459
343794
343806
345004
345005
345081
345082
354288
354880
354299
354456
354457
338733
338734
337593
337594
339774
340371
339810
339811
340825
341004
340914
340972
343432
343433
343850
344375
344809
344810
354429
354596
338592
338593
337573
337695
337444
337445
340356
340357
340295
340296
341169
341305
341028
341037
343866
343914
354417
354765
337823
338176
337572
337629
337117
337118
340307
340308
341287
341306
341005
341017
354402
354403
337312
337322
337760
338158
336987
336988
341444
341535
354368
354563
336930
336931
341624
341998
354327
354508
354578
354783
341623
341916
342054
342055
354162
354163
354298
354785
341977
341987
342083
342265
354110
354157
353966
353967
354818
354851
341878
342026
342063
342372
354156
354481
353823
353824
342042
342238
341835
342011
354141
354155
342041
342117
342341
342537
341946
341947
354354
354764
342116
342353
341144
341145
341964
342012
354353
354496
342108
342528
354160
354161
354577
354763
342107
342201
354617
354618
341825
342200
354320
354607
341851
342590
354319
354746
342212
342449
342621
343065
342081
342082
343066
343246
343247
343379
