364256
364255
364267
364266
364365
363817
364008
363667
363668
363451
363472
363567
363568
363442
363443
363487
363504
363246
363247
363319
363320
363149
363271
363516
363775
363029
363030
363208
363209
362860
362861
363027
363028
363207
363234
363441
363551
363774
363872
363048
363120
362849
362875
362795
362796
362837
362838
363515
363843
362819
362820
362776
362777
362372
362373
362374
362401
362672
362689
362765
362874
362258
362259
362161
362162
362077
362078
362435
362436
362873
363056
361906
361907
361929
361930
361942
361943
362352
362417
362324
362325
362872
362892
361483
361484
361485
361486
362400
362434
362142
362143
362870
362871
362891
363341
361339
361349
360970
360971
361399
361400
362178
362192
361889
361890
362933
363004
361155
361156
362000
362001
362241
362360
362932
363086
363258
363408
361143
361144
361725
361726
362224
362240
363085
363119
363486
363556
361284
361338
360508
360790
362239
362323
363118
363220
363619
363965
360789
360917
362989
362990
363284
363420
360916
361205
363283
363407
363257
363360
363099
363100
363514
363801
362340
362341
362626
362627
363513
363603
363831
364018
362398
362399
363183
363184
363692
363858
362274
362322
363702
363882
362099
362100
363691
363717
364080
364228
361843
361844
363617
363618
364110
364265
364112
364154
364254
364420
361528
361604
361662
361663
363532
363550
364713
364731
364264
364542
364111
364240
362763
362764
363530
363531
364804
364892
364829
364943
364176
364412
363529
363679
364966
364980
364484
364607
363549
363628
364965
365683
363245
363701
363616
363737
364964
365266
365682
366003
363147
363148
363736
363791
364881
364882
365562
365739
362960
362961
363986
364194
365043
365044
365738
366095
362857
362931
362858
362859
364193
364313
364828
364909
365737
365800
366137
366508
362890
363244
362761
362762
364283
364284
364908
365070
365580
365889
366027
366369
362836
363026
363282
363390
364093
364123
365058
365059
365167
365185
365483
365512
365888
365952
362774
362775
363025
363047
364792
364793
364891
364953
365511
365528
365760
365887
362453
362454
362338
362339
363003
363330
364771
364791
365007
365008
365527
365614
365936
365993
362290
362291
362847
362848
364621
364622
364789
364790
364769
364770
365917
366069
362160
362223
362818
363403
362670
362671
364730
364757
365886
365971
366187
366238
362032
362097
362773
363734
363528
363581
362451
362452
365951
366052
361998
361999
362098
362177
362729
363159
363690
363735
362432
362433
366044
366357
361686
361761
363158
363318
364017
364034
362370
362371
362016
362017
366368
366540
361625
361777
361685
361795
363134
363450
362351
362383
366420
366525
366680
366852
360933
360944
361585
361586
363010
363359
362054
362061
362382
362520
366625
366917
366436
366681
361282
361283
361418
361624
363358
363406
362359
362413
366624
366666
361141
361190
361203
361204
361346
361347
361603
361680
363329
363340
364122
364282
362272
362273
366623
366771
360829
360830
361258
361368
361236
361337
363339
363357
364139
364210
362190
362191
366581
366622
360748
360749
361123
361191
361433
361687
361086
361087
363232
363233
363503
363512
362249
362519
361841
361842
366418
366419
366621
366851
360523
360524
361219
361681
360856
360857
363206
363298
363502
363640
363548
364209
362248
362559
366388
366548
366067
366068
366907
367119
360291
360292
361220
361259
360828
360898
360386
360449
363023
363024
363654
364312
362247
362257
362575
362613
366265
366266
366547
367062
365758
365759
367173
367467
360260
360337
361124
361192
360677
360678
360997
361281
360459
360495
363666
364253
362246
362321
366224
366250
365837
365838
365444
365467
360228
360250
361047
361048
361193
361434
360897
361013
363665
363761
363830
362238
362271
365698
365699
365295
365305
360831
360872
361012
361154
363470
363471
363678
363760
364047
364483
362221
362222
362369
362477
360776
360777
360913
361011
363389
363469
364079
365042
364596
364667
361776
361806
362368
362381
359836
359837
360685
360914
360896
360996
363467
363468
364078
364303
361679
361724
362367
362625
359902
359903
360580
360763
361166
361167
360880
360895
363369
363370
364302
364525
361526
361527
362301
363098
359525
359526
360387
360388
360733
360762
364582
364803
361431
361432
361367
361417
362220
362903
359500
359761
359411
359412
360121
360438
360746
360747
364638
365006
365150
365151
361291
361292
362176
362948
359544
359558
359488
359489
360012
360036
360359
360360
364637
364690
364880
365041
361180
361181
362112
362716
359499
359912
359343
359344
359668
359669
360029
360046
364581
364606
364879
365166
361140
361182
362030
362031
362988
363009
359809
359901
359318
359319
359490
359491
359964
359965
364605
364817
364878
365139
365082
365184
361905
362431
359512
359739
359911
360282
359303
359317
359304
359330
364580
364595
365208
365227
361887
361888
362476
362518
359690
359952
359450
359451
360259
360324
359302
359316
364877
364942
365359
365650
361832
361833
362475
363205
359660
359716
360306
360348
364688
364689
365392
365599
365651
365736
361831
362053
362468
362574
359689
359715
364460
364461
365491
365539
365696
365861
361583
361584
362237
362289
362573
362701
359714
360011
364310
364311
365538
365670
365697
366026
365875
366403
361523
361775
361524
361525
362572
362743
359557
359706
364238
364239
365510
365903
365970
366043
361491
361492
361774
361904
361045
361046
359543
360010
359480
359481
363699
363700
365282
365283
366123
366753
366263
366264
361336
361379
360635
360636
360683
360684
359524
359542
359465
359466
363664
363790
365238
365490
365108
365109
366873
367035
366356
366796
366524
366977
361311
361312
360943
361522
360436
360437
359217
359234
359738
359760
359392
359393
363639
363689
365098
365107
365466
366223
366580
366754
367036
367512
361202
361218
360238
360239
360197
360211
359737
359963
359052
359053
363526
363527
365320
365443
366237
366296
366620
367159
366488
367324
361179
361310
360161
360162
359688
359792
358171
358788
363465
363466
365280
365281
365465
365546
366722
367341
367458
367801
367444
367939
361043
361044
361335
361345
360056
360057
359791
359962
358662
358663
363132
363133
365256
365265
364744
364745
365545
365627
366731
366785
361029
361030
359575
359576
359790
359808
362901
362902
364906
364907
365123
365226
364728
364729
364410
364411
365643
365780
366723
366769
367091
367343
360774
360775
359424
359425
362787
362835
364767
364768
364593
364594
365681
365902
366755
366786
367342
367683
360521
360522
360719
360720
362467
362474
362834
363231
364363
364364
365649
365735
366724
366756
367784
368289
360507
360682
360405
360406
362256
362288
362450
362484
362817
362900
363923
363924
365598
365626
365799
365950
366757
366770
368311
368321
360448
360506
360681
361235
360226
360227
360256
360257
362235
362236
362483
362571
363524
363525
363841
363842
365695
366249
366933
367092
360505
360547
360801
361098
359993
359994
360044
360045
360210
360258
362570
362595
365694
365757
367017
367416
360546
360567
360800
360855
361122
361723
359819
359983
358908
359116
359820
359821
359586
359587
359923
359950
362594
362856
365624
365625
365779
366094
360281
360397
360634
360745
361063
361153
360969
361245
359486
359487
359880
359961
358871
358872
359093
359161
359050
359051
359447
359477
359951
360149
362593
362772
364929
364930
364849
364850
365778
366523
359992
360094
360633
360879
361085
361449
361189
361430
359461
359462
359463
359464
358734
358753
358109
358110
358201
359301
358986
358993
359013
359014
359232
359233
359478
359619
362583
362612
365039
365040
363984
363985
365756
365982
359382
359409
359735
359736
360878
361062
360932
361097
361450
361644
357897
357909
358706
358707
357306
357307
358474
358488
359025
359175
358926
358927
359026
359027
359410
359479
362611
362794
364742
364743
363902
363964
365544
365642
366042
366590
359240
359273
358265
358266
359599
359949
361061
361121
361643
361858
361378
361642
357443
357444
357888
357967
358133
358151
358560
358561
356345
356361
356557
356558
358475
358501
358992
359254
358892
358893
358526
358626
358229
359131
362582
362987
363008
363270
364619
364620
363963
364063
365328
365336
365597
365777
358200
359115
358228
359091
359948
360009
360631
360632
361165
361581
361940
361941
360942
361830
356829
356830
357645
357646
358150
358752
358098
358473
356240
356241
356360
356485
356456
356457
355698
355730
358907
359092
358442
358443
358164
358627
358230
359028
359358
359390
362552
362624
364591
364592
364062
364459
365254
365255
365776
366041
359071
359072
359103
359114
358868
358869
359713
359734
359779
359780
360434
360435
361164
361393
361678
362029
361997
362087
361582
361623
361917
361978
356901
356902
357600
357628
358655
358694
356294
356295
356436
356437
355585
355586
358870
358964
358420
358610
358214
358232
358231
359132
359523
359705
359448
359541
362623
362700
364496
364497
364450
364482
365734
365935
366315
366387
358581
358582
358841
358842
359113
359253
359539
359540
360335
360336
361139
361163
360954
361392
361733
361903
362075
362507
362111
362205
357441
357442
358385
358452
356398
356484
355364
355365
358815
358906
358111
358402
358195
358708
359162
359192
359600
359605
362699
362930
364385
364386
365934
366025
358670
358671
358226
358227
359252
359293
359498
359910
360323
360347
360629
360630
360953
361571
362028
362592
362076
362245
357988
358012
356238
356239
356483
356549
358772
358773
358277
358476
359264
359391
363002
363066
364262
364263
366066
366417
358059
358060
358881
358905
358132
358811
359272
359342
359357
359408
361256
361257
361570
361703
362287
362397
357845
357846
356125
356126
356396
356397
356573
356700
358096
358097
357933
357934
359449
359620
363001
363281
363204
363430
366122
366149
366522
366607
358579
358580
358194
358787
358094
358095
359216
359231
360844
360845
361702
361748
357005
357110
357318
357373
356309
356310
355954
355955
356605
356627
358294
358295
358316
358317
357601
357629
357792
357935
359511
359621
362986
363065
363501
363511
366051
366148
357670
357691
358193
358840
357947
358048
358082
358083
358400
358401
359102
359204
360717
360718
360675
360676
361747
361961
356472
356482
356788
357004
355827
355828
356343
356344
356604
356620
357977
357978
358010
358011
357374
357375
357256
357874
357656
357657
357936
357998
363064
363317
364928
364979
366173
366206
357269
357270
358732
358733
358839
358867
357923
357966
358081
358127
357494
357504
359069
359070
360591
360592
360374
360375
361701
361773
362015
362430
356106
356107
356177
356190
356603
356626
355332
355343
355566
355567
356123
356124
357790
357791
357704
357705
357859
357860
356574
356840
357021
357034
357274
357755
357435
357436
357583
357584
357802
357803
362984
362985
363338
363388
364765
364766
364977
364978
366221
366222
357388
357389
358192
358827
357818
357819
357965
358008
358009
358037
358991
359090
358190
358191
360372
360373
361177
361178
362027
362175
362506
362539
356077
356161
356699
356968
355973
355974
355446
355447
357353
357354
357271
357272
357829
357858
356296
356520
356587
356606
357273
357706
357376
357377
357445
358024
357739
357875
362947
363146
363419
363547
364700
364701
364876
364905
366220
366236
366313
366314
357084
357145
357689
357690
357753
357754
358163
358915
359174
359215
358178
358179
358692
358693
360119
360120
362320
362473
362688
362715
356052
356053
356160
356572
356967
357060
355791
355792
355530
355531
357479
357495
356275
356276
357402
357533
358025
358038
357876
357948
363485
363580
363546
363663
366065
366121
366416
366606
358653
358654
358246
358914
358432
358433
362350
362505
355945
355946
355608
355609
356122
356189
355690
355697
355265
355266
355649
355657
355956
356027
358333
358551
358489
358774
363733
363816
363523
363789
363759
363962
366017
366093
366433
366639
358578
358594
358071
358072
358245
359089
357975
357976
362349
362396
355388
355389
356217
356503
355696
355729
355555
355556
358550
358661
358851
358971
363732
363840
363815
364121
366039
366040
358548
358549
358559
358731
357351
357352
357921
357922
362318
362319
362429
362482
356216
356252
356601
356602
355727
355728
355098
355554
358754
358850
366016
366092
358461
358462
358418
358419
358093
358515
357108
357109
357895
357896
362244
362380
362051
362052
362504
362669
356251
356332
356471
356650
356771
357059
355553
355568
358882
358916
366091
366205
357386
357387
357800
357801
356770
356876
357887
357946
362234
362300
361700
361794
362558
362929
362740
362741
355807
355808
356424
356470
357058
357219
366262
366832
357729
357730
356721
356722
357253
357254
362299
362317
361543
361544
362946
363131
362739
362816
362742
362760
355097
355106
356158
356159
356548
356930
366261
366367
366831
366882
357267
357268
357155
357156
357255
357644
362269
362270
361042
361060
361447
361448
363144
363218
362714
362793
362899
362983
362846
363579
355418
355419
356051
356188
356547
356723
366186
366260
357372
357478
362255
362316
360893
360894
361041
361152
361343
361344
363145
363219
362792
362914
363130
363596
355144
355145
355790
355806
356570
356571
365560
365561
366259
366286
362140
362141
362126
362286
360520
360555
360554
360621
363105
363374
362686
362687
362815
362855
363203
363316
354963
354964
355725
355726
356536
356537
365068
365069
366185
366285
362127
362159
361915
361916
360321
360322
360357
360358
363046
363117
362643
362644
362502
362503
363230
363881
363315
363337
354680
354681
355774
356046
355482
355483
365137
365138
366172
366248
366455
366721
361397
361398
361396
361661
361732
361760
360320
360334
360279
360280
362495
362496
363314
363373
363545
364007
354303
354304
355757
355901
355095
355096
355215
355216
366247
366850
360930
360931
361354
361391
361507
361569
362427
362428
363063
363104
363500
363595
363615
363944
364006
364151
354752
354753
354925
355024
366171
366235
361279
361280
361254
361255
362426
362538
362125
362158
363602
363731
364225
364321
354638
354639
354899
354900
355023
355070
366090
366120
361119
361120
360544
360545
361253
361366
361216
361217
361839
361840
362394
362395
362109
362110
363555
363627
363814
364208
364309
364353
364339
364458
354802
354803
355013
355014
365679
365680
366119
366929
360813
360814
360995
361070
361567
361568
362108
362358
361995
361996
363698
363716
364449
364699
364354
364407
364518
364524
354739
354740
354943
355056
366089
366170
360619
360620
361308
361309
362050
362157
362481
362581
361771
361772
363715
363880
364579
365025
364408
364479
354648
354657
354568
354581
354696
354697
355156
355273
366169
366444
360519
360606
360248
360249
361928
362086
362366
362412
361521
361602
363773
363839
364660
364827
364480
365005
354602
354610
354422
354423
354666
354962
355279
355363
366168
366204
360446
360447
360605
360618
361770
361793
362365
362466
361389
361390
363901
363922
364481
364756
354165
354213
354373
354374
354621
354622
354924
355302
355428
355593
366295
366972
359898
360148
360169
360170
361792
361821
361117
361118
363921
364005
364409
364604
354183
354184
354173
354348
354502
354539
354211
354212
366294
367034
360008
360043
360305
360628
359834
359835
361601
361791
363788
364061
364092
364405
364384
364419
353943
353944
353994
353995
354136
354244
366078
366079
359933
359934
359897
360028
360319
360418
360084
360085
359817
359818
360929
360941
364224
364362
364406
364438
364322
364323
353592
353605
353815
353829
354053
354089
366050
366077
365797
365798
359778
359807
359328
359329
359789
359909
360417
360494
361175
361176
360968
361820
364308
364698
364226
364227
353501
353518
353519
353531
366076
366118
359459
359460
359250
359251
359733
359759
360673
360674
361058
361059
360967
361600
364307
364320
364152
364153
353405
353406
353502
353547
366136
366507
358941
358942
359637
359638
359556
359758
360208
360209
360626
360627
360928
360952
361599
361684
364252
365038
364352
364687
364137
364138
353187
353200
353384
353407
366135
366184
359522
359757
359960
359981
360492
360493
361009
361010
360987
361365
361699
361994
364237
364301
364904
365237
364383
364578
352959
353075
353247
353248
353408
353456
366134
366234
359756
359991
359980
360533
360277
360278
360744
360827
360985
360986
361977
362026
364090
364091
364300
364335
365183
365264
364437
364495
364648
364697
353047
353048
353457
353638
366233
366312
359731
359732
359922
360027
360224
360225
360589
360590
360773
360892
360984
361490
361622
363757
363758
364334
364436
365225
365346
364448
364517
364712
364755
352987
353004
352825
352826
353593
353774
366203
366219
366330
366795
359667
359982
359379
359380
359776
359777
360026
360147
361621
361960
363638
363662
363216
363217
364447
364686
365462
365641
364478
364636
352842
352855
352565
352624
352809
352843
366402
367001
359636
359712
359314
359315
359370
359371
359510
359555
359445
359446
360146
360247
360951
361506
363661
364046
363084
363202
364727
364875
365623
365693
352734
352756
352206
352610
352878
353049
366506
366665
359291
359292
359082
359083
359356
359381
360246
360318
361505
361566
363653
363813
364659
364941
352798
352808
352532
352549
366505
366638
367033
367147
359271
359687
358903
358904
358865
358866
359111
359112
360244
360245
361138
361215
361565
362285
363543
363544
364554
365640
364940
365066
352408
352409
366310
366311
366637
366768
359160
359173
358161
358162
358177
358826
361069
361084
361542
361564
363900
364150
363440
363449
364435
365669
352330
352331
352332
352345
366503
366504
366784
366811
359005
359407
358546
358547
358065
358066
361007
361008
361040
361541
361959
363439
363448
364431
364577
352286
352407
352056
352069
366354
366355
366308
366309
366443
366679
366872
367090
358225
358849
358383
358384
358314
358315
361620
361829
363082
363083
363418
363499
364223
364281
364635
365579
352054
352055
352311
352329
351971
351972
366167
366329
365927
365928
365612
365613
366849
367032
366950
367434
367134
367490
358750
358751
361619
361746
363081
363243
363328
363772
363594
363637
364634
364802
365537
352019
352068
351771
351815
365981
366038
365860
365874
365368
365369
365463
365464
366881
367061
367157
367489
358558
358577
361745
361769
362928
363097
363181
363182
363800
363899
363614
363660
364560
364685
364976
365004
351751
351752
352053
352121
351601
351640
351786
351803
366284
366366
365872
365873
365418
365419
366871
367049
367158
367338
367355
367377
358390
358391
358576
359088
361768
361927
362449
362622
363157
363368
363786
363787
364589
364590
364939
365163
351680
351681
352090
352091
351377
351378
366258
366307
366783
366893
365317
365318
366848
367048
367455
367519
358022
358023
358070
358487
361744
361838
362014
362284
362348
362591
363143
363156
363566
363784
363785
364033
364494
364618
351332
351333
366283
366579
366932
367645
366892
367212
365121
365122
367511
367568
367476
367553
357893
357894
357266
357728
358092
358609
361463
361743
361958
362233
362590
362814
362926
362927
363155
363280
363771
364004
363879
364207
351298
351385
351306
351314
367799
367978
367309
368071
365067
365319
367248
367562
357668
357669
357598
357599
358064
358126
358771
359130
360982
360983
362219
362364
362379
362411
363279
363484
363983
364045
363943
364136
364206
364251
351202
351203
368189
368260
365164
365165
365327
365509
357516
357557
357401
357434
358275
358276
358125
358660
361334
361342
361173
361174
362425
362465
363080
363201
363313
363652
364175
364280
351073
351097
351074
351307
357368
357369
358430
358431
358659
358749
361341
361598
360842
360843
362173
362174
362494
362667
363079
363180
363200
363269
351051
351052
351026
351027
356809
356810
357032
357033
358293
358332
358189
358748
358970
361252
361270
360732
360761
360672
360680
362156
362589
362668
362925
350933
350934
350970
350971
356787
357316
356697
356698
356982
357003
357843
357844
358224
359024
361234
361364
361926
361976
362633
362650
362981
363168
350826
350827
356501
356502
356803
356983
357772
357842
358244
359023
361187
361188
361363
361377
361975
362060
362666
362786
362982
363229
363256
363336
350576
350577
355804
355805
356249
356272
357370
357371
356952
357334
358264
359263
360812
360826
360927
361416
362665
362771
362913
363055
363268
363417
350514
350613
350383
350384
355756
355868
356121
356138
356875
357317
359327
359573
360708
360709
362642
363095
363078
363356
350112
350113
350114
350115
355516
355517
355867
355874
356043
356044
356857
356929
359300
359313
359574
359806
362537
362785
363096
363312
350088
350111
355481
355508
355597
355598
355748
355803
356005
356586
355855
355856
355971
356156
356858
357234
358262
358263
359444
359816
362784
363062
350003
350004
350110
350122
355321
355331
355551
355552
355773
355802
356042
356137
356585
357057
355084
355085
355889
355930
356157
356214
356768
356859
358880
358925
359618
359979
359833
360118
362713
363022
363228
363297
349842
349843
350206
350523
355252
355253
355313
355400
355361
355362
355723
355724
356395
356423
355314
355315
355086
355592
356769
357067
358809
358810
359521
359635
362314
362315
363021
363578
349669
349670
350205
350252
355143
355155
355068
355069
355707
355820
356422
356666
355254
355255
355087
355518
356738
356739
358678
358679
358651
358658
359896
359932
359634
359659
362096
362124
362912
363296
349642
349692
349430
349431
350234
350340
354278
354315
354694
354695
354533
354538
355515
355839
355819
355873
356271
356359
356680
356706
354885
354886
356707
356740
358624
358808
358625
358652
360117
360168
359584
359585
359658
359775
362073
362074
362783
363094
350151
350454
354645
354738
354513
354514
354470
354471
355497
355613
356874
356928
354567
354601
354875
354923
356454
356546
358450
358451
359649
359686
361869
361885
363116
363429
349945
349946
350467
350642
354512
354537
354119
354120
355507
355755
355549
355550
356938
357020
354121
354122
356342
356493
358449
358575
357725
357726
359685
359704
361886
361993
363060
363061
363593
363783
349907
349920
350466
350502
350765
350879
354371
354372
353636
353637
353697
355134
355990
355426
355427
355311
355312
356937
357002
353827
353828
354123
354210
356307
356308
358344
358345
357625
357626
357727
357827
359633
359648
359755
359908
363093
363199
362685
362770
363980
364044
349563
349564
349841
349971
350465
350575
354230
354231
353347
353404
353621
353741
355463
355496
355045
355046
357001
357107
353588
353589
353796
353937
354052
354144
356045
356050
356237
356250
358124
358313
357687
357688
359646
359647
363092
363129
362282
362283
362684
362698
350612
350727
353321
353322
355387
355399
355506
355754
354825
354865
354992
354993
356966
356981
356818
357167
353383
353455
353871
353891
355972
356013
356273
356455
358292
358302
356800
356801
356802
357286
357667
359443
359598
363128
363402
362663
362664
350611
350764
353244
353275
355309
355310
355505
355641
354678
354679
353348
353349
353427
353516
355857
355858
356215
356274
357931
357932
358047
358343
357130
357131
357627
357828
359100
359101
359554
359597
363464
363651
350763
351007
353132
353133
355308
355342
354264
354791
353174
353175
352889
352903
353517
353622
355708
355709
356139
356187
357715
357716
357685
357686
357872
357873
357596
357597
358923
358924
359553
359788
359191
359203
363463
363696
363730
363917
350321
350488
351006
351019
352910
352986
352936
352937
354792
354793
354750
354751
352922
352938
352877
352911
355528
355529
356964
356965
357264
357265
357305
357789
358160
358730
359617
359657
359805
359868
358990
359004
363416
363483
363961
364003
350264
350265
351086
351280
352985
353141
352638
352639
354643
354644
352791
352804
352717
352718
352923
352939
355498
355540
356292
356293
357464
357465
357788
357857
358170
358623
359616
359666
359947
360000
359869
360237
363294
363295
364135
364161
351127
351321
351279
351313
352935
353118
352173
352174
352564
352591
354446
354447
352592
352616
352608
352609
352823
352824
355416
355417
356270
356341
357332
357333
357350
357385
357856
358312
359867
360083
360275
360679
362923
362924
364205
364250
351322
351359
351450
351572
353117
353197
352510
352511
354208
354209
354228
354229
352156
352157
355401
355415
356104
356105
357191
357192
356736
356737
358301
358409
359879
359895
360276
360573
362812
362813
364221
364249
351414
351481
351667
351749
353063
353064
353239
353471
352120
352231
352328
352370
352275
352344
355256
355257
356025
356026
357129
357425
357987
357997
358441
358677
360255
360274
364192
364382
364514
364644
351666
351770
351750
352089
353003
353041
353491
353650
352087
352088
352230
352378
352260
352261
355237
355238
357043
357044
358440
358557
360290
360346
364043
364160
364513
364541
351923
352038
352158
352262
352970
352971
353490
353649
351951
351952
351969
351970
352274
352489
352017
352018
354771
354772
356599
356600
358399
358460
358608
358770
360371
360471
364055
364191
365036
365316
364540
364724
352969
353116
353489
353530
351612
351613
351626
351639
352002
352037
354646
354647
356556
356619
358366
358367
358607
358729
360518
360553
363837
363838
364723
364845
353559
353713
351582
351583
351903
351904
354486
354487
356305
356306
356618
356873
360517
360811
360566
360840
363461
363462
365021
365160
353558
353666
351678
351679
354432
354433
355969
355989
356236
356269
356872
356963
360491
360617
360841
361162
363437
363438
363400
363401
365207
365344
353665
353696
351646
351658
351627
351827
354358
354359
355900
355970
356213
356291
356962
357218
360666
360704
361172
361307
363436
363510
365206
365279
365417
365458
351268
351269
351839
351922
353839
353840
355655
355656
356786
357367
360703
360743
361268
361415
363592
363729
365294
365343
351249
351256
351175
351331
352003
352052
353763
353773
355648
355721
356785
357366
360444
360445
361039
361722
361269
361332
363770
364190
365278
365596
365358
365884
351004
351005
351304
351659
353590
353591
355462
355548
355693
355747
356808
357233
359893
359894
361083
361446
361333
361388
364189
364279
365639
365794
365400
365856
350902
350903
351305
351312
353545
353546
355398
355413
355640
355694
361082
361151
361677
362049
364299
364351
365834
365933
350891
350932
351358
351461
353245
353246
354942
355214
355385
355386
355695
355722
361150
361331
364350
364523
365883
366024
350824
350825
350958
351050
353198
353199
354823
354824
355195
355330
355291
355584
354262
354263
355672
355680
361330
361939
364349
364372
350566
350567
354511
354600
355187
355188
355607
355612
354405
354406
361305
361306
364418
364656
350284
350285
350439
350796
354468
354469
354566
354789
355044
355290
361329
361721
361160
361161
364417
364539
350077
350078
350319
350320
354117
354118
354790
354979
354720
354721
361304
361540
361767
362095
364538
365001
354114
354182
354291
354770
354665
354719
354768
354769
361096
361362
361597
361720
364434
364493
364873
365035
354043
354044
354737
354749
354336
354347
354718
354922
354509
354510
360809
360810
361361
361660
361731
361790
364492
364630
365159
365224
353889
353890
354484
354485
360741
360742
361617
361618
361789
361948
364603
364615
365277
365357
353557
353587
353814
353869
360740
361149
362072
362231
365390
365812
353361
353362
353556
353752
353663
353664
353870
354045
360665
361186
362085
362107
362232
362445
365416
365559
353345
353346
353477
353543
353299
353300
353470
353724
360603
360604
362084
362189
365366
365376
365692
365707
353185
353186
353469
353555
353264
353265
353435
353436
353739
353762
360532
361038
360254
360273
362188
362243
364871
364872
365364
365365
365957
365969
352920
352921
353045
353046
353103
353104
353740
353931
360222
360223
361037
361137
360136
360137
360236
360243
362242
362298
365335
365399
366348
366748
352899
352900
352853
352854
359877
359878
362416
362569
365398
365773
366349
366589
366453
366747
352655
352683
352754
352755
360093
360289
359774
359787
362480
362712
362641
362683
365793
365978
366598
366959
366467
366482
359900
359931
360288
360385
359298
359299
359630
359703
362479
362501
362869
362922
365610
365667
365977
366183
366599
366834
367132
367413
366466
366999
359508
359509
359507
359665
360253
360543
359048
359049
359615
359631
359711
359730
362517
362621
362868
363509
362980
363007
365389
365415
366182
366399
366400
366401
366846
367114
366998
367317
359595
359596
359355
359387
360242
360272
359021
359022
359388
359389
359632
359754
362516
362711
366847
366960
367354
367559
359406
359458
359172
359326
360304
360707
359128
359129
362186
362187
362710
362833
366454
366749
366969
367031
367442
367577
359248
359249
359126
359127
360196
360664
360739
361028
359087
359146
361973
361974
362959
363045
358242
358243
359891
359892
360808
360871
360994
361036
358212
358213
361938
362071
363215
363267
358211
359068
358091
358622
359866
360345
359785
359786
360891
361171
358968
358969
361759
361805
363198
363498
363327
363522
358836
358954
360082
360135
361233
361267
358837
358838
361697
361698
363126
363127
363871
363942
363542
363769
358148
358149
358953
359012
359978
359990
361353
361429
360981
361290
358806
358807
361503
361504
363125
363326
362758
362759
364089
364220
364032
364204
358704
358705
359907
359959
363325
363435
362579
362580
364348
364371
358592
358593
359958
360287
363241
363242
363434
363565
362493
362515
364537
364553
358574
358805
358341
358408
359945
359946
360458
360531
363577
363756
362392
362393
364614
364655
358080
358539
357752
357885
359930
359944
360588
360760
363496
363497
363755
364219
362281
362632
362229
362230
358354
358355
357251
357252
359929
360221
360602
360912
360788
360807
363386
363387
364218
364361
362094
362139
362550
362551
358046
358311
357623
357930
359804
359943
361026
361027
363292
363293
364149
364305
364393
364570
362122
362123
357869
357870
357433
357440
359942
360035
361116
361224
363226
363227
364016
364060
364665
364815
362048
362204
357817
357956
356816
356817
359773
359803
360072
360220
361159
361244
363058
363059
364042
364059
364664
365020
364870
365135
362024
362025
357786
357787
358021
358310
357143
357144
359802
360552
360966
361328
363896
363897
364070
364134
365019
365097
365158
365356
357642
357643
358020
358381
358382
358397
356734
356735
357095
357096
359784
359845
361360
361616
363687
363688
364069
364236
365428
365457
357493
357514
357944
357945
358380
358459
356798
357019
359772
360055
360252
360657
361376
361563
361659
362155
364291
364347
356828
357331
357770
357771
358500
358606
356799
357349
356719
356889
359752
359753
360403
360404
360333
360572
360799
361095
361562
361828
357031
357042
356814
356815
357703
357724
358188
358769
358159
358717
357502
357799
356451
356452
359656
359664
360470
360702
361837
361957
356856
357000
357142
357166
357303
357304
357855
357884
358847
358848
358747
358913
357463
357503
357886
358007
356358
356409
356372
356535
359572
359583
360490
360787
356732
356733
356999
357083
357285
357683
358079
358864
358879
358902
357515
357624
358342
358398
355988
356012
356268
356481
359109
359110
359582
359783
361081
361326
356649
356679
357284
357769
357702
357929
358147
358940
357684
357871
355967
355968
356175
356176
358240
358241
359353
359354
359552
359831
361136
361158
361327
361340
356616
356617
356492
356648
356826
356827
357768
358621
358573
358746
355706
355920
356074
356435
359289
359290
359830
360025
360926
360965
356468
356469
356377
356378
356449
356450
356950
356951
357701
357738
358650
358669
355678
355679
356024
356075
356453
356584
359145
359171
360024
360081
361427
361742
356048
356049
355850
355851
356371
356379
356290
356519
356926
356927
356717
356718
357621
357622
357751
357816
358274
355119
355744
355479
355565
355853
355854
356076
356185
356696
356720
359010
359011
359159
359190
359865
360179
361428
361580
361849
362070
355787
355788
355627
355628
355752
355852
355625
355626
356518
356569
356694
356695
356705
356871
357250
357883
357384
357545
358300
358353
355605
355606
355753
355789
355438
355439
355745
355746
356186
356598
358862
358863
358938
358939
359890
360489
361596
361658
361902
361992
355477
355478
355132
355133
355639
356647
356888
356420
356421
356761
357066
357206
357424
358365
358525
355094
355264
355899
356023
355175
355213
355671
355720
358861
358963
358186
358187
358803
358804
359889
360207
360504
360663
355396
355397
356150
356151
356645
356646
357190
357232
357556
357641
358373
358691
355174
355251
358394
358395
358989
359158
358604
358605
358785
358786
360206
360356
360370
360731
360738
360839
355340
355341
356135
356136
357105
357106
358352
358396
354960
354961
357973
357974
358985
359081
358571
358572
359770
359771
360369
360469
360911
361057
355301
355539
354958
354959
356949
356998
354676
354677
354921
354999
357867
357868
358210
358984
358537
358538
359750
359751
360368
360402
361135
361223
355278
355360
354883
354884
356924
356925
354788
354801
354482
354483
354822
354874
357814
357815
357853
357854
358983
359262
359728
359729
359815
359829
360401
360416
361358
361359
355235
355236
354854
355043
356759
356760
354135
354142
354431
354459
357301
357302
358982
359086
359570
359571
359505
359506
360355
360443
360798
361303
360979
361375
355230
355395
354384
354385
354731
354800
356544
356545
353955
353956
356796
356797
357619
357620
358825
358967
360134
360303
360542
360601
360980
361615
355066
355067
354062
354063
354276
354290
356500
356615
356112
356155
353865
353866
356839
357348
357543
357544
358176
358768
359854
360235
360644
360910
361641
361708
355041
355042
353585
353586
354717
354787
356614
356644
353542
353554
353812
353813
357566
357595
356772
357247
356825
357330
358814
358860
358702
358703
360054
360184
360701
361080
360964
361056
361657
361836
361766
361884
355349
355384
354997
354998
353402
353403
353603
353604
353695
353785
357841
358036
357153
357154
357040
357041
356996
356997
358901
359261
358146
358439
359940
359941
360716
360890
360978
361539
361232
361520
361804
361868
362013
362228
355476
355573
355186
355229
354941
355173
353343
353344
353786
353848
356960
356961
358937
359047
358145
358900
358123
358309
359906
360133
360715
360797
361561
361818
361757
361883
354897
354898
353242
353243
353849
354357
356922
356923
356715
356716
359080
359230
359551
359977
360145
360271
360838
360993
361595
361758
361882
361947
354872
354873
353031
353032
353838
353913
356767
356855
355848
355849
356533
356534
359288
359341
359683
359684
360824
360825
360950
361105
361819
362039
362069
362185
354693
355040
354466
354467
353826
353867
356714
356854
355799
355826
356447
356448
359287
359312
359568
359569
360823
360992
360599
360600
361231
361730
362154
362337
354302
354664
353868
353901
356583
356643
356234
356235
359157
359170
359567
359939
360586
360587
360925
361230
354766
354767
353887
354116
356567
356568
356642
357249
356173
356174
359566
359581
359989
360344
360924
361482
354692
354736
353888
353935
354198
354243
356021
356022
356665
356870
356089
356090
359143
359144
359352
359614
360354
360541
361594
362068
354501
354637
353930
353957
354207
354599
356664
356853
357094
357165
355887
355888
356064
356184
359078
359079
359286
359297
360384
360616
361741
362152
362083
362153
354465
354580
353635
353712
353958
354143
354277
354609
356624
356625
355866
355928
358935
358936
359296
359928
360400
360643
361740
361788
354383
355383
354275
354598
353936
354101
356623
356693
355837
355838
358813
358835
359229
359281
360399
360433
361512
361538
361881
362093
354346
354370
354301
354716
354579
354735
356418
356419
356900
357082
355227
355228
355800
355801
358667
358668
359141
359142
359921
361413
361414
354041
354042
354369
354500
354836
354940
356394
357365
355986
355987
356995
357018
357178
357329
355154
355571
355785
355786
358523
358524
358648
358649
358260
358261
354040
354061
354026
354027
354837
355425
356303
356304
357364
357904
356813
357491
357383
357840
355771
355772
358223
360023
354060
354499
354024
354025
353983
353984
354838
355039
356302
356331
357618
357750
357492
357866
357905
357964
358222
359077
353981
353982
354552
354748
353809
353810
353953
353954
353811
353886
355055
355141
356289
356330
359189
359260
359045
359046
353980
354013
354734
355288
354314
355339
353951
353952
353782
353783
353784
353837
355142
355263
356087
356088
356582
356678
359188
359340
359003
359009
354012
354113
355475
355564
353425
353426
353759
353760
353692
353693
355289
355572
356103
356149
355704
355705
356807
357065
359386
359663
358890
358891
353453
353454
354112
354197
353229
353230
353722
353723
353660
353661
353674
353761
355300
355359
356072
356073
356288
356329
357263
357423
359442
359613
359988
360053
358169
358899
354088
354111
354391
354525
353130
353131
353601
353602
353378
353379
353584
353662
355375
355604
356063
356071
356267
356287
357422
357439
359682
359749
360022
360160
358143
358144
353835
353836
354076
354077
354458
354608
354597
354896
353100
353101
353573
353574
353340
353341
353514
353694
355495
355611
355769
355770
356328
356434
357248
357582
358142
358745
358069
358522
354075
354087
354345
355172
354882
355012
353015
353016
353393
353394
353442
353620
355083
355718
356327
356758
358158
359067
358437
358438
353899
353900
354334
354335
355382
355583
352860
352888
353433
353434
355637
355646
355751
356065
356286
356340
358141
358209
358339
358340
358351
358364
353794
353795
354333
354536
353710
353711
352796
352797
352807
353030
353380
353381
355647
355929
356339
356370
358591
358767
354226
354227
353485
353486
352633
352634
353262
353263
355638
355719
356467
357104
358513
358514
354181
354225
353267
353274
353401
353487
352342
352488
352508
352509
353241
353292
356466
356555
358392
358393
354023
354059
354206
354242
353172
353173
352586
352587
352323
352341
352300
352301
353238
353342
356086
356120
356663
357103
353993
354022
354344
354784
353072
353073
352897
352898
352559
352560
352258
352259
351919
351943
352284
352385
353219
353220
355846
355847
356677
356731
353911
353912
354196
354323
352681
353001
352436
352437
352244
352416
351502
351503
351851
351899
352033
352034
352426
352531
353211
353283
355703
355768
355493
355494
356676
356852
356757
356887
353808
353864
354730
354821
352632
352837
352404
352405
352226
352451
351447
351448
351852
351853
353074
353090
355460
355461
355767
355886
355581
355582
355139
355480
356851
356869
356994
357462
356824
357056
353750
353751
353847
353910
352605
352606
352838
352859
351984
352000
352146
352147
352530
351838
352293
352821
352983
355412
355424
356850
356868
357055
357328
353511
353512
353599
353600
353846
353909
354382
354675
352547
352548
352225
352243
351733
351734
351800
351825
352636
352637
356921
357408
357081
357093
357501
357542
353209
353210
353582
353583
353392
353513
353929
354086
354261
354445
352298
352299
352507
352539
352145
352268
351624
351636
351293
351294
352269
352270
356920
356980
357565
357798
353060
353061
353483
353484
353338
353339
353272
353273
353863
353942
354729
354881
351611
351675
352085
352102
352588
352653
351521
351522
351093
351094
356516
356517
356993
357617
352967
352968
353659
353709
353949
353950
354820
354853
351541
351623
351941
351942
351200
351233
351310
351413
351014
351015
356284
356285
357092
357231
357262
357315
352794
352795
353673
353708
353992
354864
355011
355054
351473
351474
351568
351569
351034
351035
350701
350702
350905
350906
356118
356119
356784
357230
357748
357892
352715
352716
353707
353758
354051
354158
354939
354978
351356
351357
351351
351352
350886
350887
350989
351036
356101
356102
355952
355953
357164
357229
357749
357852
357972
358035
352585
352604
353825
353908
354205
354620
351292
351430
351231
351232
350874
350875
350854
350888
357141
357163
357228
357363
358323
358486
352169
352680
353862
353970
353885
353907
354204
354332
354656
354920
351198
351199
350941
350942
350793
350794
357016
357017
357217
357246
352545
352546
353571
353572
354194
354195
354274
354331
355009
355010
351166
351167
350929
350930
350607
350608
356640
356641
356806
357314
352375
352376
353467
353468
354180
354343
354356
354421
355038
355053
350660
350661
350547
350548
357432
357865
352114
352115
352282
352283
353218
353228
354068
354074
354430
355052
354619
354819
355262
355299
357477
357903
357970
357971
352083
352084
352099
352100
353087
353088
354038
354039
354073
354100
355394
355459
357476
357532
351967
351983
352032
352309
353029
353089
353540
353541
354224
354330
355093
355437
357460
357461
357531
357564
351874
351875
351898
352101
352965
352966
353336
353337
354404
354444
354329
354464
357475
357541
357785
357797
351836
351837
351822
351823
352788
352789
353216
353217
354523
354524
354498
354655
353978
353979
357347
357563
351799
351873
351609
351610
351673
351674
351824
351876
353013
353014
354636
354895
353968
353969
357189
357400
351783
352138
352322
352369
351634
351635
352835
352836
354635
354733
354911
354977
353748
353749
357176
357177
351732
351769
351500
351501
352820
352834
354273
355065
354991
355153
353529
353691
357091
357362
356918
356919
351539
351540
351798
352321
351365
351373
352678
352679
354272
354322
355225
355272
355226
355306
353400
353424
356783
357054
351797
351897
351212
351213
352677
352874
354260
354289
354674
354691
355271
355305
355307
355423
353226
353227
356992
357015
351940
352392
350684
351137
351071
351084
352602
352603
354271
354300
355436
355591
353183
353184
356730
356756
351918
351966
350716
351185
350953
350954
352572
352584
354321
354852
355624
355688
356638
356639
356755
356917
351835
351917
352066
352267
350899
350940
352189
352204
354919
355152
355670
355766
355689
355966
356325
356326
356704
356916
351730
351731
352203
352558
354996
355022
355105
355250
355669
355944
356070
356233
355965
355985
356581
356713
356915
357102
351671
351672
352557
352665
354956
354957
356531
356532
351590
351591
354918
354990
356499
356566
354270
354786
355037
355212
356407
356408
354564
354565
355185
355393
355211
355261
354419
354420
355411
355644
355277
355538
354202
354203
355645
355765
355287
355422
353897
353898
355286
355984
353844
353845
355276
355374
353719
353720
354988
354989
355373
355458
353706
353721
355082
355457
355951
352917
352918
355138
355836
355927
356324
