263375
263343
263344
263322
263323
263259
263310
262995
262996
263069
263070
263311
263420
262875
262906
262861
262862
262721
262722
262876
262877
263219
263345
263426
263427
262472
262473
262873
262874
263207
263281
262363
262375
262394
262432
263190
263194
262346
262347
262433
262450
263041
263064
262323
262376
263009
263029
262294
262295
262377
262404
262928
262929
263046
263047
262272
262273
262850
262851
262907
262912
262226
262227
262758
262759
262913
262931
262202
262203
262687
262803
262129
262130
262165
262516
262581
262017
262018
262028
262029
262439
262440
262601
262710
261882
261928
261836
261844
261952
261953
262108
262172
262312
262313
262422
262441
262644
262750
262723
262735
261808
261809
261661
261662
261671
261883
261913
262178
262228
262255
262256
262442
262529
261680
261681
261686
261187
261188
261272
261273
261672
261673
261968
261991
262446
262558
261629
261630
261174
261238
261608
261609
262443
262474
261618
261619
261237
261244
261399
261425
261602
261650
262409
262416
261524
261525
261696
261715
261303
261304
261400
261460
261716
261736
261389
261390
261293
261294
261232
261233
261283
261284
261027
261056
260989
260990
261192
261193
261239
261319
261005
261006
260702
260724
260927
260991
261320
261337
260984
261096
260623
260776
260819
260842
260998
261332
261363
261418
260950
260951
260787
260788
260906
260928
261549
261550
260890
260917
260762
260763
260907
261145
261074
261091
261548
261853
261551
261620
260742
260764
260918
261010
261194
261234
261884
261922
261621
261687
260693
260694
260922
261305
261246
261259
261969
261970
261688
261768
260519
260520
260546
260547
260929
261007
261372
261444
261245
261333
261488
261542
261999
262037
261631
261639
261769
261837
260470
260471
260472
260473
260451
260474
261048
261165
261507
261553
262040
262145
261871
261907
260248
260249
260312
260313
260296
260297
260492
260596
261221
261252
261552
261663
262080
262275
262155
262378
260174
260175
260244
260259
260493
260539
260605
260636
262179
262274
260091
260205
260147
260148
260540
260593
260646
260820
260006
260007
260045
260090
260078
260110
260554
260555
260653
260704
260034
260035
260111
260122
260675
260725
260012
260013
260112
260176
260749
260777
259922
259923
260102
260225
260181
260341
259830
259831
260092
260093
260226
260250
260379
260380
259595
259596
259710
259711
259899
259900
260079
260263
260298
260388
259574
259575
259674
259675
260020
260021
259339
259340
259894
259895
259246
259397
259282
259436
259566
259567
259232
259233
259256
259257
259443
259498
259499
259500
259224
259473
258923
258924
259192
259350
259494
259504
259474
259501
259151
259231
258858
258859
259068
259172
259484
259665
259321
259329
259502
259516
259090
259091
259264
259292
258851
258852
259455
259456
259265
259266
259517
259603
259687
259073
259133
259024
259025
259316
259594
258586
258592
259334
259335
259206
259207
259604
259681
259698
259744
259041
259072
258810
258811
259315
259333
258501
258508
258616
258707
259164
259173
259558
259576
258990
258991
258685
258686
258705
258706
259382
259515
258282
258320
258493
258509
259059
259060
259452
259461
259644
259688
258970
258989
258678
258679
258562
258563
259390
259541
259531
259709
258267
258288
258972
258973
259034
259095
259457
259493
259631
259753
259689
259793
258988
259132
258666
258696
259565
259656
258131
258132
258395
258474
258877
258878
259384
259385
259760
259800
259806
260040
259852
260036
258987
259004
258654
258655
257941
257942
258115
258124
258847
258899
259258
259259
259274
259275
259761
259777
259865
259877
259839
259887
259942
260314
260118
260268
259003
259089
258628
258677
257932
257950
258830
258853
259174
259175
259234
259242
259583
259619
259778
259794
259902
259999
259901
260095
260389
260494
258914
258915
259103
259223
258606
258615
257911
258081
258780
258781
259010
259011
259186
259398
259720
259738
259818
259878
260041
260103
260094
260561
260542
260647
258898
258965
259230
259273
258585
258627
257789
258158
258629
258698
258708
258726
258916
258944
259121
259122
260139
260214
260117
260381
260695
260861
260648
260705
258874
258875
258528
258529
257754
257755
258697
258870
258617
258618
258771
258839
259104
259105
260215
260299
260158
260264
260875
261130
258500
258507
258349
258350
257692
257924
258607
258667
258546
258593
258718
258719
258794
258879
259115
259225
260304
260442
260182
260198
260452
260458
260541
260876
260938
258523
258614
257657
257658
257977
258098
258551
258552
258680
258725
258524
258525
258510
258511
258787
258827
260465
260552
260521
260624
260548
260750
260584
260778
258506
258591
257562
257568
257541
257542
258188
258266
258142
258294
258644
258762
258826
259114
258435
258436
258447
258530
258587
258619
260562
260639
260676
260807
260666
260765
260851
260909
257382
257383
257567
257626
257468
257469
258187
258204
258064
258094
258786
258806
258381
258412
258396
258406
258539
258594
260828
261097
260789
260832
261017
261058
257316
257317
257526
257527
257817
257829
257163
257164
257425
257426
258252
258306
258797
258846
259006
258359
258365
258437
258438
258571
258638
260829
260985
261138
261227
260908
260937
260961
261038
261018
261175
261057
261328
257254
257360
257816
257839
257910
257940
257178
257179
257318
257361
258648
258649
258785
258876
258943
258228
258295
258424
258425
258661
258699
261166
261222
261228
261253
261049
261079
261050
261160
261181
261247
261075
261098
261452
261464
257184
257185
257752
257753
257909
257949
257056
257057
257138
257156
258475
258476
258910
259005
258133
258134
258339
258340
258639
258828
261260
261514
261306
261350
261129
261236
261543
261603
261453
261474
257147
257148
257609
257644
257987
258042
257948
258000
258338
258405
258971
259049
258099
258116
258307
258308
258575
258576
258865
258885
261280
261438
261209
261235
261640
261821
261490
261499
257094
257116
257524
257525
258114
258178
258292
258302
259033
259383
259083
259317
257840
257841
258095
258174
258230
258231
258382
258383
258547
258553
258866
258938
259015
259098
261472
261489
261338
261527
261295
261349
257049
257050
257115
257216
257481
257482
258261
258262
257693
257842
258150
258296
258232
258233
258917
258939
259014
259097
259124
259166
261473
261486
261568
261739
261526
261708
258189
258293
257627
257628
257843
257886
258143
258229
258125
258144
258159
258160
258925
258945
259096
259116
259125
259444
259165
259585
261567
261610
261740
261750
258086
258087
257602
257645
257550
257659
257887
258010
258069
258070
257994
258001
258151
258219
258918
258926
259123
259214
259099
259176
259445
259543
259209
259485
259597
259699
261848
262019
261778
262071
257893
257925
257951
257952
257585
257586
257719
257864
257495
257587
257993
258118
257889
257890
258051
258052
258831
258832
258927
258966
259399
259518
259276
259351
259106
259293
259605
259645
259208
259568
259508
259519
259739
259795
261872
261940
262120
262207
261779
261902
262146
262246
257745
257746
257902
257918
257404
257405
257417
257531
257919
257920
257866
257988
258043
258152
258840
258841
259410
259478
259584
259620
259107
259152
259691
259700
259542
259690
259820
259832
261897
262002
262264
262278
262096
262147
262279
262320
257676
257677
257705
257706
257818
257830
257243
257256
257344
257384
257878
257888
257865
257879
258161
258179
258782
258788
259153
259367
259716
259754
259821
259888
261819
261820
262001
262110
262287
262328
257600
257601
257747
257831
257180
257242
257223
257224
257302
257303
257894
258117
257832
257833
258180
258190
258747
258763
259117
259142
259400
259486
259721
259812
259910
259924
262000
262229
262424
262452
257505
257506
257682
257683
257028
257040
257119
257120
256958
256962
257217
257244
258031
258065
257725
257791
258096
258097
258253
258354
258748
258798
259143
259210
259401
259468
259819
259867
259937
260070
262059
262109
262239
262395
262434
262501
262528
262592
257483
257504
257549
257563
256966
256967
256990
256991
256817
256828
257651
257707
257808
257844
257953
257954
258263
258341
259904
259936
260071
260113
261958
261959
262166
262186
262502
262532
262527
262570
262602
262630
257507
257508
256965
257031
256624
256625
256660
256661
256762
256768
257647
257648
257869
257891
258234
258309
258407
258439
259909
259968
259935
260008
260149
260159
262222
262238
262638
262665
262666
262688
257449
257460
257373
257374
256892
256916
257070
257118
256599
256633
256504
256505
256488
256494
257629
257630
257783
257801
258220
258221
258484
258512
260069
260097
262286
262465
262657
262737
257265
257266
256906
256911
257157
257201
256589
256590
256391
256392
256385
256386
257588
257640
257768
257769
258025
258026
258464
258564
260096
260183
262327
262531
262466
262539
262736
262751
257130
257139
256568
256632
256326
256327
256355
256356
257500
257646
257735
257736
257961
257962
260200
260290
262326
262451
262724
262878
262568
262614
262804
262843
257107
257108
257129
257149
256487
256542
256169
256170
257427
257428
257660
257661
257903
258071
260199
260245
260305
260481
262306
262325
262547
262567
262569
262664
262680
262852
257101
257271
256353
256354
256108
256140
257470
257532
257834
257835
260251
260349
260306
260405
260480
260575
262205
262206
262324
262348
262646
262795
256914
256915
256301
256555
256314
256315
256035
256036
257406
257429
257784
257989
260382
260556
260574
260640
262118
262119
262319
262379
262760
262765
256872
256952
256211
256251
256567
256672
255930
255931
255887
255932
257272
257281
257400
257435
257737
257738
260342
260406
260641
260743
262064
262082
261854
261855
262305
262410
256809
256810
256951
256957
256118
256119
256247
256384
257213
257214
257231
257346
257202
257225
257678
257694
257726
257921
260177
260178
260410
260577
260830
260864
261971
261972
262081
262204
261664
261665
262475
262559
262423
262500
256788
256793
256979
257241
255968
255969
256187
256188
256415
256474
257100
257109
257182
257280
257379
257453
257621
257622
257652
257756
260411
260530
260578
260821
260804
260863
260865
260877
261918
261944
262523
262583
256751
256752
256978
257099
255906
255907
256162
256246
256449
256527
257014
257015
256980
256981
257289
257345
257574
257575
257631
257695
260383
260407
260862
261139
260887
260962
262530
262575
262582
262645
256649
256650
256913
256943
257098
257255
256113
256224
256422
256526
256538
256659
256934
256935
256971
256998
257369
257412
257519
257520
257576
257577
257696
257766
260291
260315
261131
261286
260963
260986
256641
256678
257081
257082
256097
256223
256893
256917
256832
256833
256997
257071
257564
257623
260999
261000
261285
261364
256606
256607
257080
257117
256076
256086
256862
256873
256784
256785
256907
256968
257484
257485
260993
260994
261456
261461
256566
256614
256057
256085
256701
256713
256874
256999
256790
256791
257385
257391
257362
257521
260992
261060
261455
261675
256463
256464
256613
256648
256138
256149
256576
256626
256811
256963
256789
256933
256662
256663
257333
257334
257327
257392
257551
257624
260952
261029
261059
261118
261674
261751
256677
256736
256148
256168
256465
256466
256794
256834
256982
257000
256731
257140
257121
257181
256513
256521
257232
257245
257295
257296
257393
257436
260896
260897
261051
261099
261632
261709
261770
261914
256803
256827
256423
256439
256450
256451
256763
256764
256711
256712
257165
257166
257167
257226
257227
257233
257267
261028
261080
261582
261583
261923
262189
256377
256378
256718
256719
257168
257169
261575
261651
262215
262266
256714
256732
257016
257017
257170
257203
261454
261500
262208
262209
262267
262481
256664
256665
256753
256839
256895
256896
257102
257150
261351
261352
262230
262321
262030
262031
256577
256578
256754
256894
256856
256875
257063
257064
262241
262314
261945
261946
256741
256765
256969
256970
262240
262265
262468
262548
261873
261874
256528
256529
256715
256724
256924
256925
262467
262504
256725
256742
256863
256864
262503
262593
262476
262477
262631
262667
262703
262780
