98018
97887
97969
98017
98131
98225
98063
98016
97920
97921
98384
98464
98204
98224
98757
97948
97607
97710
98465
98605
98506
98604
98247
97733
96914
96988
97786
97970
98507
99083
97814
97683
97787
97888
98290
98307
98466
98722
97626
97682
97119
97120
97999
98261
98448
98834
97060
97175
97886
97579
97983
98081
98329
98357
98873
99352
97699
97549
97815
98262
98999
99174
97508
97406
97813
97042
97104
96002
97013
97043
95889
96130
95656
95657
95957
96129
95627
95958
96613
95854
95323
95324
95959
96156
95855
95828
95179
95180
95705
95808
96218
96325
95390
95391
95626
95827
95086
95141
95978
96297
96749
95625
95046
95047
94668
94669
95912
95913
96449
96787
96961
97041
95595
95956
95914
96505
96633
96891
97174
97732
95389
95417
95624
96073
95752
96003
97529
98223
97919
98282
95139
95140
96029
96448
95445
95446
95979
96506
98588
98756
98154
98407
94695
94696
96254
96478
95048
95049
95856
96326
98870
98871
94588
94611
96591
96612
96526
96477
94643
94644
95829
95830
96382
97176
98923
99276
98872
99306
96648
96767
97208
96357
94842
94843
96429
96634
99410
99431
98548
98570
99351
99607
97390
98040
96324
96356
94788
94844
96358
96913
96734
97265
98486
99142
99626
99721
97391
97577
98406
98681
97284
96184
94533
94534
96185
96186
97014
97118
99173
99217
99879
99927
97249
97968
97578
97812
98682
98855
97369
97759
96381
95654
94257
94258
94338
94339
96187
96479
99756
99908
97848
98041
95655
95785
94227
94322
94052
94053
96051
96157
98080
98954
95550
95730
95623
96128
93434
93635
96030
96031
98955
99140
95479
95480
95784
96155
95980
96074
99141
99409
95084
95085
95653
95684
96217
96233
94912
94913
96075
96383
99429
99696
94666
94667
96154
96253
94535
94536
96032
96103
99430
99999
99720
99978
94609
94610
96277
96428
95831
95915
96255
96256
99172
99275
100078
100148
94188
94189
96252
96733
95832
96004
96234
96257
1e+05
100396
100163
100256
93961
94006
93985
94021
95910
95911
96380
96936
95596
95628
100748
100858
93873
94139
94336
94410
94035
94256
96732
97470
95103
95104
95527
95551
100967
101254
93582
93583
94484
94665
96354
96355
96935
97624
94789
94790
100912
101152
101278
101301
93309
93473
93541
93660
96182
96183
96701
96702
97469
98460
94259
94260
100875
100938
101279
102062
101604
101933
92517
92518
93493
94096
95477
95478
96700
96934
97625
98755
100939
101432
101280
101341
102654
102811
101634
101685
92423
92606
92368
92704
93492
93540
94095
94321
95444
95526
97012
97151
97575
97576
98461
98922
101458
102120
101361
101749
102653
103064
101684
101702
92392
92439
91943
91944
93539
93903
94409
94532
95005
95178
95548
95549
97547
97885
98383
98405
99171
99042
101504
102714
101750
103001
101884
102016
92235
92391
94392
94460
94662
94663
95547
95594
97548
97998
99380
99459
100723
99041
101505
101686
102084
102332
92128
92159
94694
94764
94664
94818
95321
95322
95751
96050
97507
98039
99460
99643
100440
99139
101459
101797
102436
102518
92158
92540
95177
95261
94224
94301
95750
95826
97283
97303
98431
98547
99849
100419
98952
99138
101483
101934
102590
102713
92703
92889
94816
94817
93768
93769
93959
93960
95825
95853
96869
96986
97405
98246
98462
99625
99977
100622
98201
98202
99408
99060
101935
102142
102931
103295
94407
94408
93518
93519
93632
93633
93872
93945
96049
96414
96987
97248
98281
98463
100111
101023
100576
100747
98015
98038
97981
97982
100162
99028
101751
102143
102565
102715
103501
103545
94334
94335
97264
97428
98485
98780
100128
100376
101151
101199
101022
101052
97784
97785
98014
98153
100547
100655
99029
99027
101484
101566
102108
102379
102618
102836
102746
102812
102813
103733
103755
97606
98306
99030
99428
100129
100280
101603
101984
101407
101590
101086
101406
96730
96731
101085
98898
101255
101256
101460
101687
102410
102797
103119
103502
102851
103176
103097
103194
103734
103900
97698
98203
101632
101772
101430
101565
102045
102107
101429
101543
99754
98753
101110
101111
101843
101913
102437
102716
103598
104343
103334
103358
103357
104298
98328
98697
102223
102517
101542
102060
100127
100186
98754
98696
100524
100525
100838
100940
102852
103645
103941
103960
104384
104851
98721
98781
102222
102651
102542
102769
101502
101522
100147
100214
100418
100546
99274
99170
100598
100599
102864
103314
103672
103756
104068
104317
104385
104789
104881
105033
98800
98953
102650
102929
102863
102947
101521
101602
98530
99427
100257
100258
100577
100876
102543
102903
103757
103780
104245
104790
104318
105169
104089
104386
104656
104850
105328
105347
99061
99111
103143
103260
98181
98182
99169
99407
99537
100001
100002
100056
100548
100941
101025
102904
103229
103758
104415
104090
104197
103670
103671
104387
104657
104816
104981
105417
105620
105497
105522
99305
99786
103543
103861
99830
99943
100029
100057
101302
101567
103261
103799
103673
103798
104299
104365
104222
104243
104639
104711
104617
104618
105168
105198
105675
105875
99461
99850
99785
99926
99804
100028
100055
99579
100526
101281
101408
101635
101985
103002
103120
104244
104897
104852
105329
105261
105521
105693
105719
99606
99755
100215
100240
99848
100110
100146
99277
99411
100549
101026
101433
101798
105348
105397
105260
105372
106068
106351
99805
99944
100304
100700
98924
99353
99608
99831
105455
105475
106350
106659
106352
106530
99945
99998
100799
100857
101932
98856
99143
99851
99852
105474
105674
106529
106842
106658
106715
100837
101482
100856
101431
102061
102141
99946
99947
105673
105778
106714
107249
100822
101300
101024
101340
102164
102711
105454
105644
106639
106904
100674
100724
101503
101633
102564
102589
102712
103294
104678
104980
105718
106791
106903
106956
103063
103596
102269
102588
104979
105851
106955
107016
103193
103597
102683
102930
104920
105226
107054
107055
103519
103754
103644
103959
102652
102745
105197
105327
107593
107834
103863
103928
104341
104342
102563
103144
105076
105371
107621
107739
107943
108144
104124
104534
104364
104533
103544
103862
107738
107833
107876
107971
107875
107942
107704
107806
107441
107897
107248
107409
107896
108268
106841
107015
107805
107858
105981
106067
107857
108123
