174721
174668
174669
174954
174096
174097
174508
175088
173641
173743
175087
172918
172919
173701
173702
174953
174972
173519
173536
173228
173229
174343
174344
174820
174906
173008
173009
172649
172650
174154
174218
174025
174095
175126
175374
173007
173195
172422
172547
173877
174137
175447
175611
172862
172986
173227
173493
172356
172357
172421
172470
173742
173951
175446
175593
171602
172194
171495
171837
173640
173809
171327
171328
171836
171881
173492
173557
170223
170274
171201
171202
171622
171623
172968
172969
169808
169899
170911
170930
171425
171426
169736
169737
170387
170439
170678
170679
171291
171292
168786
168787
170440
170601
169955
169956
171148
171149
168929
169081
168304
168305
170339
170340
168958
168959
169432
169497
171016
171147
170009
170054
168741
168742
168185
168186
168210
168211
170224
170225
167880
167881
168766
168767
169381
169382
170890
171494
170053
170273
168679
168740
166870
166871
170123
170143
166654
166655
167699
167700
169144
169145
170889
170955
171493
171897
169807
170008
168549
168550
168739
168814
166585
166586
169521
169522
170144
170341
166094
166095
167377
167378
167112
167113
168547
168548
168928
169190
169924
169925
165445
165446
167183
167310
166706
166707
168183
168184
168892
168893
165174
165175
167184
167185
166561
166584
168157
168303
169109
169867
168835
168836
165999
166000
167228
167256
169108
169324
169923
170101
168233
168234
165895
165896
166753
166754
169042
169189
169922
170007
170293
170385
168182
168425
165102
165103
165378
165379
170100
170170
170386
170574
167911
167912
170222
170272
170573
170807
167500
167698
167618
167619
170650
170910
170808
170867
167181
167182
167670
167979
167375
167376
170726
170837
170954
171358
166637
166638
167061
167062
167669
167934
166330
166331
171492
171578
170986
171402
166583
167012
166930
166931
167879
167978
165720
165721
166329
166369
166929
167060
166092
166093
165506
165507
165531
167805
167933
168091
168641
167059
167309
165325
165326
167729
167756
168711
168875
166907
166928
165266
165267
167617
167932
168712
169143
168874
168981
166603
166604
164837
164838
164839
164840
167931
168156
169215
169496
166401
166460
164822
165397
164734
164735
168180
168181
169216
170572
169520
169806
166434
166459
163883
164788
163689
163690
168179
168496
170571
170806
169866
169986
166091
166112
163828
163974
163493
163494
168090
168453
168524
168873
170033
170570
166090
166636
163781
163782
163973
164286
168058
168059
168523
168926
168927
169041
170600
170754
166033
166060
162859
162860
163311
163312
164285
164367
167179
167180
169005
169166
165955
166328
162573
162574
164076
164077
169406
169495
164179
164528
163468
163469
169551
170192
164606
164635
163276
163552
162896
162897
164936
165045
163211
163212
162757
162758
163210
163275
162351
162352
162308
162309
163274
163392
162234
162235
162210
162211
161461
161517
163391
163944
161953
162090
161896
161897
161164
161165
162894
162895
163943
164075
161574
161575
161576
161577
160982
160983
160939
160940
164178
164284
161442
161701
161293
161294
164203
164555
161291
161292
160666
160667
164202
164391
164605
165044
161208
161418
164390
164458
160938
160981
164457
165173
160400
160401
160936
160937
164456
164701
160028
160029
160152
160153
160880
160881
164410
164892
159886
159887
159711
159712
160818
161037
164365
164366
165101
165377
159665
159666
160647
160648
164220
164254
165486
165596
159466
159467
160150
160151
164073
164074
165775
165805
164072
164489
165806
165860
165894
166032
164028
164253
166203
166368
163780
163912
166327
166481
163911
164966
166528
166653
163910
163972
164965
165070
163757
163758
165324
165835
163595
163663
162402
162403
165323
165774
163662
163732
161826
161827
165859
166031
163414
163438
164110
164316
161440
161441
163272
163273
164109
164252
161416
161417
162755
162756
163971
164526
164527
164991
162463
162464
163779
163909
165125
165352
162118
162119
164027
164455
165126
165699
165351
165578
162004
162005
164026
164585
165700
165953
165350
165635
165772
165773
161797
161798
163661
163756
164658
165295
165954
165978
165834
165976
165913
165977
160706
160707
161677
161678
163413
163437
164657
164759
166400
166458
165952
166030
166178
166508
159962
159999
161547
161548
163123
163158
164487
164488
165019
165577
166432
166433
160000
160309
161388
161389
162918
162919
164282
164283
165018
165422
162698
162699
163882
164025
162002
162003
163309
163310
164024
164281
161744
161745
162593
162594
162986
162987
164280
164525
160704
160705
161699
161700
162461
162462
163593
163594
164554
164758
160645
160646
161415
161546
162377
162378
164553
164634
161240
161241
162232
162233
165043
165172
160749
160750
161825
161932
161933
161983
165171
165205
161611
161612
161851
161852
165204
165858
161206
161207
165203
165322
166301
166325
160970
160971
165068
165069
166398
166705
166399
166652
160843
160865
166397
166457
166276
166277
166752
166869
160625
160626
160703
160864
167039
167561
166143
166278
159998
160081
167038
167594
166279
166326
166807
166808
167908
168028
167930
168357
168027
168574
168056
168174
168026
169038
167856
168356
167646
168401
168764
168957
167175
167176
169078
169576
169077
169323
167110
167111
169651
169897
166868
166985
166703
166704
169898
170626
166805
166806
167011
167252
170702
171324
165833
165893
167251
167878
167174
167753
166842
167010
167752
168297
165891
165892
168478
168546
165674
165675
168519
168710
165634
166089
164962
164963
168518
168813
165123
165124
166088
166560
164583
164584
164787
164934
168089
168121
168891
169140
165067
165376
164070
164071
164863
164864
168979
169461
164890
164891
164933
165633
164056
164108
163879
163969
164821
164935
169003
169687
163708
163709
164604
164820
163635
163688
163390
163659
164911
164964
169002
169163
169896
170052
164022
164023
164819
165202
162612
162613
163231
163232
163660
163880
169139
169460
170359
170625
163777
163778
164408
164409
165444
165749
162571
162572
162326
162458
163092
163093
163881
163970
168871
169037
169650
170168
163730
163731
165443
165673
162032
162033
161205
161344
162209
162327
169649
169921
170271
170514
163574
163575
165672
166020
161719
161720
161035
161036
162034
162035
170569
170866
166087
166396
161238
161239
160841
160842
160862
160863
161608
161634
161982
162183
170885
170886
166142
166300
161122
161123
161609
161610
162459
162557
170929
171015
166299
166651
161081
161121
160459
160460
161162
161163
162460
162782
171036
171223
166086
166456
166867
167108
160979
160980
161120
161387
160176
160177
161124
161148
160148
160149
162349
162350
171323
171377
165320
165321
167109
167281
161051
161080
161676
161981
159664
160064
159961
160027
160879
160969
161492
161493
171575
171621
165265
165576
164785
164786
167454
167529
161012
161013
161119
161261
162031
162230
159528
159529
159739
159740
159883
159884
161345
161370
171658
171961
164431
164524
165575
166275
164250
164251
167453
167645
167559
167877
161118
161327
162229
162505
162231
162401
159419
159694
159108
159109
159505
159530
160378
160475
171833
171962
163967
163968
164486
164633
166324
166395
163572
163573
167476
167499
168155
168450
161117
161161
162432
162858
159136
159137
159420
159885
163687
163729
166507
166559
163412
163436
167560
167728
161034
161116
162506
162965
162966
163059
158982
159029
158721
158722
163633
163634
166702
166984
166558
166683
163388
163389
161079
161931
162967
163060
158768
158769
158795
159046
158584
158585
163491
163492
167009
167475
165558
165559
167058
167372
160968
160978
162150
162674
158182
158183
158741
158767
163156
163157
167593
167751
167057
167250
161032
161033
157736
158045
158455
158456
167616
167838
167249
167498
161011
161607
157580
157581
167839
168173
166927
167173
167615
167803
160499
161177
161796
162089
157231
157332
157486
157846
168207
168296
166634
166635
167172
167206
167614
168025
160457
160458
156995
156996
157230
157384
157167
157168
166353
166354
168088
168380
160426
161414
159737
159738
156815
156923
156737
156738
156601
156602
157315
157363
166224
166225
168736
168921
159882
159914
156443
156444
156274
156445
156649
156650
157316
157426
166176
166177
168735
168762
168922
169106
159526
159527
159763
160377
156180
156181
157457
157582
166141
166557
165856
165857
168253
168254
168783
168890
168763
169322
169300
170269
159164
159165
159663
159736
160376
160624
155928
156096
156054
156394
166029
166323
166582
166682
165170
165264
168172
168230
168782
169036
168477
168615
169214
169239
169299
169459
170270
170568
158526
158653
159735
159861
160773
161930
155838
155839
155582
155757
156446
156759
165831
165832
165121
165122
168120
168331
169035
169321
169952
169953
170700
170981
158422
158766
159662
159782
161369
161439
162088
162182
155818
155819
155497
155498
155706
156126
165748
165830
164582
164632
164700
164784
167854
167855
169320
169602
169753
169920
170701
170834
158343
158454
159417
159418
159781
159997
161516
161606
155527
155554
154944
154945
155499
155555
156127
156651
165395
165396
165855
166298
164388
164389
164177
164277
167696
167697
169950
170079
169265
169266
170884
171309
158000
158094
159107
159274
159913
160332
155526
155619
154725
154726
154369
154439
154727
154728
156652
157254
163513
163514
163941
163942
164278
164279
169951
170624
170078
170460
170804
170953
171423
171601
157778
157999
158764
158765
159027
159028
160331
160623
155496
155581
154589
154590
154228
154420
154705
154745
163209
163308
162892
162893
163851
163852
169752
170381
170699
171077
170566
170623
171424
171832
157682
157683
157964
158276
158213
158214
158981
159026
160772
161326
154368
154398
153797
153798
154125
154203
154606
154706
163019
163020
162944
162945
170432
170567
171097
172044
170752
171682
157485
157610
157529
157557
158396
158397
159071
159106
160771
160861
161413
161698
154152
154227
153695
153696
154511
154523
162503
162504
170433
170476
171171
171376
170803
171145
171440
171893
171894
157274
157275
157556
157905
157962
157963
161412
161438
153693
153694
153402
153422
154524
154525
170513
171013
170051
170268
171144
171357
171531
171639
156716
156717
157314
157362
153668
153770
153233
153234
153072
153073
153423
153444
153842
153843
171014
171146
169623
169624
171876
171877
156588
156623
156699
156700
156788
156922
157313
157425
152576
152577
153769
154300
152967
152968
152889
152890
153562
153563
153817
153899
171198
171247
169575
169895
169404
169405
171987
172379
156273
156442
156569
156570
157273
157579
152459
152460
153768
154151
152590
152608
152299
152300
153282
153336
153900
154063
171270
171441
169213
169380
171986
172268
172380
172607
155654
155655
156375
156376
153484
153485
154226
154438
152185
152186
152187
152412
152505
151831
151832
153169
153170
153697
153698
154245
154607
171442
171620
168919
168920
172228
172853
172644
173290
155525
155618
155642
155686
156159
156160
153443
153841
151081
151082
152953
152954
154785
155082
171730
171809
168676
168677
172912
173573
172608
173065
173489
174151
155390
155449
155222
155241
156028
156029
153124
153125
153168
152480
152481
154759
154946
155083
155343
171731
171878
168379
168400
172911
173379
172503
172716
173006
173427
173699
173901
155220
155221
155862
155863
155685
155783
152825
152910
155415
155529
172014
172336
167778
167802
168354
168355
172502
172738
172854
173066
173428
173787
173919
174118
154942
154943
155817
156125
155756
155837
152658
152659
152909
153281
155528
155707
172015
172269
172399
172435
168353
168870
167612
167613
172378
172434
172755
173224
154627
154628
154650
155670
156272
152575
152589
153280
153504
155864
156079
171776
171831
172293
172355
172529
172574
166701
166866
172377
172572
173244
173488
155428
155429
151633
151634
152168
152169
153503
153585
156080
156448
172229
172270
172645
172756
172573
172624
172575
173165
166680
166681
166841
167227
172211
172292
173487
173533
155414
155927
151609
151610
151611
151785
151988
152298
153401
153442
153604
153943
156447
157191
172294
172337
172757
172827
173118
173190
166058
166059
167226
167558
172042
172043
172291
172433
173486
173714
173808
173995
155266
155389
155926
156301
151392
151393
151302
151484
153530
153603
154150
154258
172828
172913
173738
173945
173191
173291
165770
165771
166751
166804
171529
171530
172467
172782
173698
173737
173944
174288
155109
155110
156300
156541
151372
151569
151254
151255
151334
152100
154244
154259
174216
174478
173449
173856
165557
165975
171195
171196
171197
172801
173005
173736
173918
154703
154704
154981
154982
156568
157190
151159
151160
150218
150219
151062
151078
151217
151586
152250
153071
165484
165485
165974
166019
171011
171012
170979
170980
172800
172852
173943
174431
154626
154901
154366
154367
151005
151079
149872
149873
150390
150416
151140
151301
152207
152644
165318
165319
170751
171076
172964
173164
173762
173786
174488
174599
154083
154084
154941
155108
150613
150614
151080
151256
149657
149658
149949
149950
150755
150756
152643
152867
165099
165100
171075
171375
174600
174883
153796
153898
154940
155448
150597
150598
149565
149710
149348
149349
149375
149445
150712
152032
164888
164889
170189
170190
171399
172210
174520
174601
175013
175207
153372
153373
154918
155148
150286
150287
149314
149564
148132
148152
149196
149197
149037
149057
150577
150711
164782
164783
164523
164550
169491
169492
171398
172134
174696
174717
175168
175323
153054
153055
154625
154867
149903
149904
150190
150288
148726
148727
149010
149125
150438
150439
150691
151300
164675
164676
164315
164343
169263
169264
171222
171439
174884
175141
175122
175472
175522
175544
154509
154510
154900
155240
149833
149951
149350
149351
148554
148555
150494
150754
151440
151526
164175
164176
164276
164551
169237
169238
170749
170750
171600
172061
174970
175687
175543
175915
154784
155004
155617
156009
149139
149140
150188
150189
151632
151747
164021
164069
164552
164581
168734
168781
170677
170909
171808
172124
175034
175272
175496
175563
175916
176039
154396
154397
154939
155035
156052
156441
148648
148649
150005
150237
151767
152099
168351
168352
170537
170538
170865
171121
171807
172060
175369
175564
175271
175322
175845
176439
175990
176505
153720
153721
154758
155166
156053
156787
156440
156567
148625
148626
148498
148499
149431
149444
150236
150938
170357
170358
172163
172188
175417
175418
175321
175521
176038
176324
175873
176127
176506
176639
153584
153640
153441
153529
155198
155413
156678
156786
148582
148701
148099
148100
149263
149280
150142
150187
170216
170217
172266
172267
175545
175546
175645
175809
176466
176539
175710
175874
153155
153232
153052
153053
155197
156007
148748
148749
149239
149443
170167
170290
169838
169839
172265
172466
175646
175751
175644
176088
175914
176704
176636
176637
152803
152888
152966
153371
155147
155816
156008
156078
148663
148893
148580
148581
170094
170095
176087
176487
177027
179116
176638
176930
152072
152073
153440
153795
155081
155447
155993
156758
156124
156715
148647
148662
148497
148724
170050
170122
169489
169490
175912
175913
176841
176858
177186
177499
179117
179206
176577
176888
176952
177154
151854
152031
151964
152458
153261
153324
154559
154560
155412
155966
156785
157312
156736
157361
148071
148110
148725
148894
170141
171143
175911
176037
175303
175304
177113
177310
177616
178648
176889
177045
177075
177485
151680
151874
152823
152824
153528
154025
154508
154558
155321
155388
156095
156228
147809
147810
148664
149036
170140
170336
175205
175206
177309
177352
177617
177881
177097
177643
177515
177582
151452
151453
151875
152338
152720
152952
154242
154243
155387
155411
156415
156525
147664
147808
147578
147811
170335
170431
174992
175204
174542
174695
177170
177234
177615
177702
178047
178847
177011
177012
177642
177711
151233
151234
152457
152548
155238
155239
147341
147469
147557
147579
170138
170139
174693
174694
174429
174430
176951
177044
177233
177308
177733
177918
177597
177701
178144
178242
178554
179028
176931
177013
150981
151015
151118
151235
152296
152297
152547
152802
155146
155165
146968
146969
147508
147807
147242
147243
170049
170723
174364
174365
176485
176486
176972
176990
177880
178471
151438
151483
151746
151766
152503
152504
153070
153167
154815
154816
155446
155909
146688
146759
147506
147507
147025
147026
169519
169865
170802
171421
174116
174117
176366
176367
176989
177026
177957
178117
178553
178885
151482
151547
151390
151391
152502
152657
153231
153421
155553
155580
146283
146284
146646
146647
146902
147261
169353
169354
169949
170380
171422
171755
174070
174094
176251
176252
177933
177987
178309
178609
178950
179316
151193
151194
151333
151439
152272
152273
153069
153166
153439
153719
154149
155552
156211
146101
146102
146506
146723
146507
146708
169105
169138
168889
169034
169948
170137
173587
173588
176126
176323
178310
179401
178814
179339
179916
180504
151158
151192
150868
150937
152206
152356
153165
153370
155495
155684
146341
146342
146343
146344
169033
169864
168638
168869
170408
170722
173485
173697
176322
176465
179402
179722
178706
178707
179338
179813
179961
181398
180549
181075
150895
151216
150787
150788
151936
151937
153335
153692
146285
146839
168978
169188
169863
169919
168516
168517
170776
171657
173404
173405
173696
173855
179723
179866
178647
178663
179205
179400
180503
180759
180550
180683
181159
181423
150536
150537
153203
153300
153718
154093
169137
169212
168052
168053
168170
168171
170801
170833
173243
173289
174068
174069
179935
180113
178415
178626
179399
179776
180974
181422
180805
180912
181160
181180
181439
181778
150414
150493
150337
150366
152410
152411
153279
153623
168023
168051
167055
167875
168054
168423
171269
171438
173189
173271
174067
174243
179835
179883
180294
180505
178625
178905
179775
179882
181572
181665
181211
181570
150364
150365
150122
150123
167087
167088
167977
168169
166905
166954
167876
168024
168424
168476
171619
172187
172850
172851
173854
174326
179884
180044
180356
180400
179468
179744
180446
180465
181571
182574
150049
150217
149479
149480
149948
150004
166650
166769
166864
166926
167873
167874
168118
168274
171681
171960
179962
180045
180401
180551
179314
179315
179629
180848
180502
180866
149547
149548
150216
150560
149347
149430
149608
149627
166632
166633
166925
166983
166321
166322
167872
168398
168119
168399
171618
171830
172059
172311
180046
180228
180648
180699
179418
179527
180501
180566
180867
180973
149095
149096
150121
150437
150786
151350
149097
149098
149628
150091
166319
166320
166140
166174
167371
167668
168055
168295
171169
171170
172588
172849
179509
179572
180825
181179
148983
149009
149988
149989
150534
150535
148180
148181
165997
165998
166083
166084
167171
167423
167907
167929
170511
170512
170565
179571
180111
180849
181024
148814
148815
149938
150024
150533
150734
150596
150894
165888
165889
165262
165263
166085
166725
167053
167054
167306
168087
168449
168495
168252
168330
169983
170077
170596
170622
180112
180355
181231
181232
148722
148723
150785
151004
151481
151679
165527
165698
165718
165719
164834
164835
165747
165890
166726
167056
166678
166679
167037
167107
168294
168573
169622
169731
180354
180635
181536
181549
148579
148770
164931
164932
165528
165529
165631
165632
166172
166173
166840
166863
180263
180264
181849
182301
181925
182009
148892
149194
164275
164364
164959
164990
165530
166057
165887
165931
166724
166839
179812
179934
182057
182248
181990
182078
148982
149279
164274
164485
164960
165169
165066
165504
165671
165769
166700
166723
179079
179080
179960
180353
182247
182601
182263
182573
148981
149153
163826
163827
164603
164698
164699
164833
164886
164887
165505
165828
165317
165526
166526
166527
166722
167557
178992
178993
179959
180004
180245
180464
182157
182201
182669
182913
182602
182741
148903
149193
163306
163307
164656
165467
164429
164430
164451
164452
165829
166175
164958
165201
165995
165996
166602
166838
178528
178529
179627
179628
180582
180720
182200
182728
182931
182932
163249
163250
164655
164832
164341
164342
163775
163776
164453
164818
166455
166506
164817
164989
165885
165886
167036
167086
178331
178332
178045
178046
179397
179398
180581
180824
182029
182712
183003
183045
182900
182901
163090
163385
163251
163252
164313
164314
163551
163592
163206
163207
164836
164961
166750
166865
164653
164654
165594
165595
178143
178498
179265
179570
180847
181043
181988
181989
183002
183290
163015
163089
163384
163411
162829
162830
162961
163016
162591
162592
163091
163331
164757
165120
166906
167205
164548
164549
165592
165593
178087
178088
179155
179204
181074
181313
181924
182028
183291
183400
162555
162609
163041
163088
162455
162526
162610
162611
161979
162029
162456
162962
163332
163907
164484
164522
165591
165912
177840
178012
181073
181339
181437
181438
182027
182227
183599
183749
162482
162483
163087
163728
162204
162205
162399
162400
161512
161513
162206
162207
162963
163386
163908
164454
164602
164733
165556
165746
177817
177818
181072
181118
181362
181647
181397
181436
182284
182335
183600
183938
183748
183923
162398
162570
162284
162285
162984
163383
161951
161952
162348
162556
161367
161368
162066
162117
162917
163017
163387
163490
164580
164631
177462
177463
181071
181627
182283
182379
182453
182532
183693
183747
184066
184590
162180
162181
162027
162028
162916
163230
161894
161895
162228
162286
161159
161160
160591
160592
160909
160910
162001
162484
164483
164547
177331
177452
180972
181492
181664
182226
182378
182531
182558
182899
183746
184042
184565
184920
161928
161929
161978
162116
162857
163155
161850
162087
161604
161697
161459
161460
162259
162590
159879
159880
160455
160456
161980
162208
164521
164910
177096
177112
180936
180937
181848
181874
182757
182805
184087
184146
184961
185224
161927
162000
161763
161764
161848
161849
163154
163305
161675
161893
161290
161325
159828
159829
160281
160282
161633
161765
164363
164407
176857
176912
176929
177130
180935
181873
180804
180823
181897
182179
182983
183044
182860
182877
184086
184088
185078
185368
162257
162258
161572
161573
161236
161237
161115
161289
159709
159710
159810
159881
160145
160207
161514
161824
164428
164652
176887
176950
177129
177153
180846
181255
180462
180463
182318
182429
182859
183012
184011
184065
185077
185457
160859
160860
161175
161386
161030
161031
159525
159568
159394
159395
159995
159996
161795
162457
164697
164885
176559
176560
177232
177451
180633
180634
182358
182727
182530
182711
183691
183692
184085
184167
185542
185571
160453
160590
160817
161028
161010
161029
160664
160665
159415
159416
159309
159310
161605
162030
162502
162806
176007
176226
176504
176823
180615
181070
180244
180293
182402
182600
182802
182823
182803
182804
183549
183562
184084
184166
185518
186015
159733
159734
160569
161009
160701
160702
160907
160908
160174
160175
160517
160547
159192
159193
158794
158853
161259
161260
162527
162985
162891
162964
175871
175872
176305
176306
181230
181548
180042
180043
185517
185570
186080
186139
159692
159693
160373
160399
161491
161794
160330
160375
160120
160238
159858
159859
158619
158620
158452
158453
160839
160840
161176
161515
163018
163208
175731
175793
175775
175776
175709
175732
181596
181663
179720
179848
179569
179721
185569
185601
186375
186536
159411
159412
159413
159414
160372
160858
160236
160237
160374
160498
159331
159366
158274
158275
158342
158363
160308
160518
175792
175940
175319
175320
175415
175416
175777
175910
181777
181923
179336
179337
179915
180309
178934
178991
185600
186031
186558
186697
158939
158940
159365
159504
160234
160235
160118
160119
160262
160838
159272
159273
158160
158420
160146
160147
160425
160748
175665
175821
175081
175082
174781
174922
182557
182599
179238
179264
178645
178646
179811
180083
178684
179154
178932
178933
185434
185495
158793
158978
160206
160424
159307
159308
160080
160454
158979
158980
159105
159163
158141
158142
159436
159465
159780
159860
175414
175626
175844
175960
174990
174991
173807
174311
178391
178624
179396
180082
180445
180698
178526
178527
185478
185494
158558
158559
160025
160026
160967
161288
159329
159330
158478
158479
159069
159070
157930
158140
159194
159195
159311
159367
159912
160593
175367
175368
175989
176086
174882
174969
173694
173695
178364
178365
179334
179335
180081
180352
180518
180719
178469
178470
178443
178608
185339
185340
185614
185682
158557
158822
158314
158315
159960
160117
161027
161235
159044
159045
158362
158477
158762
158763
157608
157609
158854
158855
159350
159437
175202
175203
174428
174505
178264
178308
177640
177641
179115
179368
180482
180737
180758
181177
178085
178086
178552
178743
185292
185387
186094
186270
185681
186014
158232
158233
159566
159567
159959
160116
161114
161874
158604
158605
157844
157845
158341
158361
157424
157777
158421
158525
175033
175390
174362
174363
177954
177955
178622
178623
179395
179526
180822
181254
181178
181513
177764
177765
177783
177784
185144
185145
185338
186336
186482
186503
157578
157680
157830
157831
159502
159503
159708
159779
161078
161258
161875
161926
158158
158159
157607
157681
157734
157735
158091
158092
156974
157036
158161
158162
174947
174948
174115
174206
178307
178683
178550
178551
179367
179626
181754
182572
177579
177614
177184
177185
177659
177902
183959
183960
184714
184715
185248
185541
157484
157679
157509
157510
157792
157997
159409
159410
159778
160190
161257
161324
162178
162554
157511
157512
157901
157959
157311
157656
156813
156814
157526
157705
157960
157961
156698
156714
157902
157903
157904
157998
158025
174851
174946
174404
174405
173941
173942
177953
178263
178165
178166
179333
179981
181847
182199
182898
183070
177416
177417
176822
176911
177580
177581
177956
178044
184452
184453
184948
184979
185540
185697
157383
157843
157455
157456
159161
159162
159732
159762
161458
161545
162179
162227
162553
162608
156783
156784
157773
157774
157087
157142
156676
156677
157513
157812
156647
156648
157527
157528
174562
174681
173632
173633
174361
174406
173852
173853
173586
173613
178262
178607
177916
177917
179286
179417
180195
180444
181846
182056
183043
183153
177249
177261
176987
176988
176304
176576
177498
177530
184471
184472
184815
185021
185696
185939
157165
157166
156781
156782
158851
158852
159731
159878
161490
161762
162397
162431
162828
163183
156646
157014
157775
157776
156600
156622
156226
156227
157189
157208
157813
158044
156392
156393
174504
174660
173061
173062
173063
172186
172448
173041
173064
178042
178043
177699
177700
179416
179489
180461
180661
182178
182225
183154
183184
176438
176462
176463
176464
175909
176006
184222
184223
184813
184814
185660
185984
157068
157229
156491
156523
159564
159565
160144
160546
161489
161632
162501
162737
162827
162890
156437
156524
155494
155578
156439
156921
156093
156094
158072
158093
174066
174360
172093
172310
177986
178041
177449
177450
179625
179719
180632
180911
180682
181547
182177
182246
183227
183341
175790
175791
176338
176679
176004
176005
184063
184064
184742
184779
186013
186308
156844
156920
157655
158157
156390
156391
159501
159594
159159
159160
160233
160423
161696
162115
162525
163686
163152
163205
155123
155124
156350
156438
156973
157188
155641
155683
156076
156077
174017
174018
174427
174692
171828
171829
177483
177484
178040
178621
177094
177095
179718
179914
181546
181615
182401
182726
183424
183561
175470
175471
176170
176303
176703
176821
175987
175988
184670
184671
186696
186938
156620
156621
156812
157035
157704
157811
156121
156122
159392
159393
159481
160063
160588
160422
160589
161695
162454
162628
163153
163204
163271
155597
155598
155144
155145
155579
155836
173851
174382
173829
173830
171827
171859
177658
177750
179958
180096
181690
181776
182556
183183
182897
183358
183531
183663
183623
183745
174630
174631
175341
175342
176250
176337
175412
175413
156674
156675
157086
157112
157829
157958
156092
156123
159025
159364
161544
161718
162552
162983
154666
154667
154866
155002
173674
173900
171464
171490
172123
172290
177387
177388
177749
177952
180095
180548
181775
181809
182529
182756
183182
183762
183399
183560
183690
183838
174518
174519
176085
176437
155991
155992
157207
157454
155652
155653
158977
159068
162607
163355
154201
154202
154483
154507
154898
155524
173287
173288
171489
171680
177073
177074
177901
178834
179957
180378
180614
180821
181946
182055
182725
182896
183820
183837
183576
183622
183874
183980
174309
174310
175958
175959
155615
155616
157453
157483
155478
155479
157995
157996
154122
154257
153501
153502
154123
154124
154899
154937
173223
173286
171245
171246
176840
176949
176460
176461
177839
178190
179912
179913
180351
180647
180736
181117
181137
181210
182054
182198
182709
182710
183836
183901
183853
184097
184028
184145
174114
174242
175643
176084
155444
155445
154936
155410
155219
155285
153690
153691
154437
154665
153201
153202
153839
153840
154938
155003
172715
172890
171194
171290
176537
176538
175938
175939
178189
178214
179285
179332
181312
181361
182754
182755
183480
183481
184041
184096
184278
184399
173784
173785
175270
175340
155237
155493
154829
154830
154894
154895
155033
155034
155286
155480
153689
154004
152885
152886
153816
153981
172570
172571
171073
171074
175625
175642
177951
178068
178282
178771
178990
179153
179692
179881
181360
181535
183275
183423
184083
184363
184107
184165
184279
184381
184489
184534
173673
173693
174814
174815
175366
175389
155031
155032
155815
156645
154896
154897
155481
155755
153667
154045
152685
152686
153154
153323
172488
172606
170978
171096
177595
177596
180003
180041
181512
182077
181511
181646
183274
183326
184106
184124
184550
184563
184488
184894
173338
173339
173585
173735
174741
174742
175249
175250
175440
175588
154893
155342
154585
154586
156006
156843
154080
154081
154587
154588
153199
153200
152157
152205
153051
153230
153334
153482
172162
172264
170951
170952
177481
177482
180060
181689
183325
183530
184123
184421
184919
185416
173162
173163
173269
173270
174597
174598
174577
174691
175248
175542
154782
154783
155409
155492
154556
154557
156436
156811
153970
154145
154225
154322
151962
151963
152821
152822
153483
154005
172091
172092
170475
170775
177448
177732
183598
183717
184420
184532
184778
185051
173116
173117
174092
174093
174425
174426
175184
175247
154724
154935
155408
155965
154465
154466
153548
153549
154199
154200
151524
151525
152749
152779
152750
152780
172089
172090
172040
172041
169982
170093
177386
177415
177879
178306
183516
183621
184644
184669
184533
184564
174065
174091
173806
173899
174849
174850
175439
175495
155443
155754
154120
154121
153527
153639
152983
152984
154146
154147
154082
154148
152046
152047
152781
152866
171919
171920
169946
169947
170076
170314
177092
177093
177385
177731
177985
178011
183398
183620
184643
184763
173733
173734
174340
174341
153583
153663
153198
153322
152587
152588
153500
153666
154299
154605
151933
151934
152545
152546
152887
152921
171959
172088
171857
171858
169549
169550
169777
169894
176909
176910
176249
176283
178142
178721
184562
184846
185020
185169
173378
173448
174240
174241
153050
153119
153715
153897
152096
152097
153120
153121
153561
153717
151479
151480
151653
151935
171142
171193
172087
172263
169187
169211
176436
176459
176224
176225
178363
179047
184397
184398
185125
185337
185170
185267
173093
173094
173402
173403
174239
174424
152801
152848
153664
153838
152008
152070
152919
152920
153122
153123
151272
151371
171918
172289
169031
169032
175986
176036
176302
176484
175956
175957
178362
178497
184396
184549
185124
185247
185680
185779
173188
173484
153665
153716
152683
152684
152501
152884
151252
151253
151370
151608
171729
171892
168664
168665
175820
175869
176185
176248
176749
176820
175707
175708
178846
178989
184195
184334
172946
172947
173483
173572
152098
152249
150935
150936
150643
150784
171374
171528
172184
172185
168572
168614
175705
175706
175870
175908
175493
175494
176229
176365
176748
176886
178845
179177
172694
172737
151852
151853
150576
150642
150362
150363
170799
170800
171488
171527
168570
168571
175519
175520
175387
175388
178442
178620
179263
179488
172121
172122
172674
172736
151726
151987
151607
151631
150284
150285
150335
150336
170407
170430
171289
171373
168569
168780
168002
168003
175301
175302
174503
174659
175773
175774
175299
175300
178187
178188
179508
179568
171875
171891
172432
172501
151674
151725
151041
151042
151585
151675
150263
150316
170356
170459
167726
167727
174657
174658
174266
174287
175772
175868
174716
174760
178067
178084
179487
179910
179624
179911
172500
172605
150893
150980
150516
150517
151368
151369
152071
152122
169980
169981
167452
167611
174338
174339
173691
173692
174215
174238
175771
176003
174813
174989
178038
178039
177900
177984
179237
179284
179909
180262
180078
180079
172398
172979
150891
150892
150360
150361
150752
150753
151349
151676
169431
169730
169804
169805
167085
167170
174285
174286
174403
174423
176150
176483
174812
175045
177983
178083
179666
179763
180292
180681
180845
180080
180243
172288
172376
173092
173187
150890
151061
150118
150119
150333
150457
150639
150640
151677
151678
169029
169030
169000
169001
174205
174476
174477
174740
176149
176282
174811
175438
177949
177950
178241
178361
179643
180040
180500
180660
180696
180954
171703
171704
172375
172643
150478
150559
151271
151299
149936
149937
150641
150671
168708
168709
168977
169210
174359
174475
175032
175046
176147
176148
176536
176839
174810
174921
177682
177698
178441
178549
179466
179467
180697
180910
180999
181023
171557
171728
171287
171487
150215
150315
149899
149900
149831
149832
150388
150389
150733
151117
168448
168568
174112
174113
176535
176736
174920
175365
177657
177782
178467
178468
179366
179465
181000
181711
181042
181359
171355
171356
171220
171221
149427
149428
168228
168229
173672
173783
176735
176908
174919
174968
175386
175609
177763
177838
179283
179507
181712
182097
181253
181338
171244
171437
171009
171010
149297
149345
149164
149165
168153
168154
173554
173555
173761
174111
174881
175012
175808
175984
177351
177461
178704
178705
179623
180058
182176
182334
181068
181069
181569
182008
170720
170721
171526
171617
170862
171288
149278
149374
149008
149082
167421
167422
167496
167497
173138
173185
173024
173186
174109
174110
174473
174474
175107
175108
175985
176336
175983
176364
178703
178949
179542
179567
180059
180735
181595
182282
170355
170510
170648
170676
171525
172013
170536
170908
148643
148644
167052
167420
166393
166394
173114
173115
172910
173241
174090
174150
174472
174629
174307
174308
176083
176458
176856
177072
178465
178466
179566
179908
181594
181688
182477
182503
170032
170075
170267
170334
171523
171524
172248
172354
170428
170429
170863
148527
148528
148456
148457
166138
166139
172713
172714
172542
172543
172527
172528
173242
173447
174108
174149
174106
174107
174656
175106
176503
176558
176907
176986
178360
178720
179525
179642
181687
181896
169979
170004
169801
169837
171522
171754
170378
170379
147832
147833
148419
149034
165910
165911
172623
172753
172485
172486
171957
171958
172487
172754
173656
173782
174063
174064
174780
175121
176678
176948
178141
178261
179463
179464
181895
182197
169429
169430
170003
170333
171420
171463
169802
169803
170215
170864
147783
147914
147423
147424
148372
148373
172308
172309
171701
171702
172286
172287
173570
173571
173400
173401
173994
174045
174759
174809
178009
178010
178260
178359
181894
182245
168812
168834
169121
169122
171243
171268
169487
169488
146966
146967
148374
148420
172285
172419
171419
171521
174945
175080
177655
177656
177981
177982
178240
178585
181893
181945
182502
182598
168833
169458
168612
168613
168918
168976
170377
170406
169379
169574
146943
146944
146837
147351
148254
148299
148684
148700
172183
172353
172673
172799
171191
171192
174944
175385
178213
178931
181490
181491
182619
182708
168567
169236
168347
168348
168732
168733
146875
146917
146758
146814
148021
148645
149563
149656
172012
172039
174880
174988
175789
175982
178186
178330
168447
168832
169428
169548
168085
168086
168515
168545
168349
168350
146483
146484
146735
146900
147950
147951
148813
148980
171805
171806
174987
175230
176223
176301
177877
177878
178212
178584
167927
168251
169427
169686
167749
167750
168168
168663
146447
146571
146945
147022
147784
147994
148343
148901
150140
171678
171679
171095
171141
174807
174808
175364
175730
177330
177384
178116
178305
167555
167556
167976
168022
146209
146210
146572
146722
147133
147170
148902
148973
149346
171072
171856
170950
170977
170288
170289
174560
174561
175363
175624
176222
176575
178036
178037
167344
167345
167346
167451
146338
146339
148891
149262
149429
149626
150120
150334
170883
171071
171855
172262
169799
169800
174203
174204
176654
176946
176947
177111
178035
178259
167305
167343
166553
166554
146448
146918
170620
170621
171070
171656
172284
172447
173993
174187
174061
174062
178238
178239
167495
167695
166525
166581
166111
166504
146644
146986
170265
170266
170563
170564
170907
171397
174186
174306
173531
173532
178237
178358
167033
167034
167837
167928
166170
166649
165803
165804
166505
166904
146774
147185
169835
169836
170861
171242
174471
174986
166027
166028
165349
165375
166924
167450
169798
169861
169685
169862
170646
170647
171241
171354
175031
175411
165827
166082
165801
165802
165168
165482
165198
165315
166862
167035
169185
169186
169648
169918
170354
170427
171353
171520
175030
175410
165745
166223
166110
166137
165313
165314
165014
165097
164930
165041
166555
166837
167248
167280
169027
169028
169262
169298
170332
170562
171677
172335
174879
175029
175437
175623
165630
165717
165145
165146
164601
164629
165042
165098
165930
166556
168868
168917
170264
170353
171700
171727
175981
176059
165826
166081
164519
164520
164386
164387
164449
164450
165883
165884
166631
166677
168543
168544
168867
168975
169892
169893
170331
170376
172011
172431
175980
176035
176082
176205
164143
164246
164144
164145
164405
164406
165589
166171
168049
168050
168152
168167
168831
168974
169402
169403
172038
172374
176081
176169
176415
176635
163849
163850
163905
163906
164362
164427
165465
165483
168021
168166
167106
167140
168117
168397
169296
169297
172417
172418
176457
176793
176768
176838
163433
163434
163570
163571
163656
163725
165466
165973
167083
167084
167975
168731
169401
169426
169075
169076
172540
172541
176971
177010
163329
163489
162914
162915
163466
163467
163550
163657
165199
165236
165993
166454
166903
166923
167869
167870
169425
169945
168760
168761
172826
172909
172848
172889
162912
162913
163465
163549
162736
163435
163247
163248
163774
164271
165200
165294
165994
166274
166629
166630
167642
167643
167801
167871
169424
169684
170031
170166
168493
168494
172908
172963
162780
162781
163382
163432
162626
162627
163182
163203
162647
162826
163658
163726
165015
165016
166256
166257
166317
166318
167644
167667
168206
168329
169073
169074
169683
170313
171035
171774
168019
168020
168151
168475
162376
162396
163229
163270
162448
162480
163181
163330
162453
162524
163727
164020
165017
165590
165767
165768
166169
166351
167419
167694
168492
168999
169682
170002
171069
171775
167641
167748
167692
167693
162064
162065
161822
162325
163269
163632
161673
161674
162283
162449
164107
164174
164781
165316
165464
165481
166136
166352
167303
167304
168491
168566
169056
169378
170214
170330
167302
167342
167138
167139
161601
161602
161793
162026
163058
163086
163904
164019
162450
162451
164272
164273
165165
165166
165394
165697
168514
168565
169104
169377
170561
170774
167031
167032
161456
161571
161410
161411
163151
163268
163903
164106
164312
164448
162452
162481
164247
164248
164955
164956
164957
165167
168116
168165
169423
169518
170832
171396
166981
166982
161049
161050
161322
161323
164482
164732
164201
164909
164578
164579
167925
167926
169517
169797
170906
171120
166803
166922
160699
160700
164249
164630
164360
164361
167690
167691
169516
169681
170675
170748
171352
171519
166502
166503
160278
160279
160567
160568
164200
164340
164105
164173
167689
167924
167553
167554
169318
169319
169680
169860
171351
171753
171826
172010
166367
166552
166079
166080
159993
159994
163825
163902
167800
167923
167137
167341
168997
168998
170074
170136
171985
172133
172182
172499
166551
166676
165881
165882
165950
165951
159826
159827
163805
163806
164172
164199
166860
166861
170164
170165
172464
172735
172181
172416
172569
173113
165293
165312
165195
165196
165525
165629
159499
159500
163431
163464
166579
166580
170329
170619
172465
172484
172825
173060
172415
172604
164674
164696
165373
165766
164269
164270
165260
165261
159240
159241
159328
163149
163150
166135
166222
166453
166480
170328
170747
172672
172781
163877
163878
165421
165716
165197
165374
158937
158938
162779
162911
165992
166056
166315
166316
169891
170163
170860
171008
172847
173482
163591
163685
163724
163773
158602
158603
162588
162589
165744
165765
166578
166802
169376
169917
170859
170928
171574
171699
172846
173268
173553
173631
163547
163548
163630
163631
158312
158393
158451
158394
158395
162323
162324
165573
165574
169072
169457
171573
171638
173732
173917
163512
164245
162888
162889
162909
162910
163121
163122
165393
165503
165480
165555
168592
168593
171556
171616
172058
172247
173940
174402
163430
164055
162824
162854
162024
162025
162672
162697
165064
165065
165479
165696
168490
168730
172057
172352
172373
172568
163463
163590
162374
162375
162673
162855
164599
164600
168150
168273
172372
172603
172642
172888
163589
163824
161974
161975
162322
162430
164598
164731
167798
167799
168396
169184
172371
172446
173023
173040
163823
163940
161365
161366
161742
161743
162551
162856
164219
164651
167592
167610
167224
167247
168395
168830
171773
171825
172397
172693
173267
173569
163461
163462
161287
161321
160877
160878
161631
161761
162569
162825
164218
164268
167494
167552
166748
166749
167225
167370
168866
169120
171485
171486
172692
173091
173377
174265
160329
160472
161408
161409
163380
163381
164339
164481
167168
167169
167493
167688
167082
167279
168865
169183
171051
171052
172691
172907
173399
173873
160231
160232
161202
161203
163147
163148
162715
162734
164267
164338
165040
165063
166647
166648
167418
167492
168779
169103
172395
172396
172906
172945
160024
160230
159875
159992
160904
160905
162908
163228
162735
162852
164266
164359
165096
165524
166523
166524
166721
166801
167491
167797
168707
168916
171394
171395
171916
171917
173112
173356
158936
158975
160229
160371
159729
159730
159876
159877
160816
161077
162714
162942
162522
162523
162853
162943
164265
164311
165715
165880
166220
166221
166550
166699
171006
171007
171854
171956
173111
173355
173357
173731
158879
158909
159021
159363
159728
159909
159459
159460
160584
160585
161382
161455
162394
162395
161972
161973
162226
162256
164310
164988
166167
166168
169915
169916
173110
173354
173828
173937
158739
158740
158974
159067
159908
159941
159022
159023
160450
160451
160473
160496
161383
161543
162347
162447
161599
161600
164264
164884
165259
165372
173090
173161
173805
173938
174060
174089
158449
158450
158550
159158
159020
159209
159907
160062
161384
161385
161924
161925
162446
162500
161285
161286
164217
164518
165119
165292
173089
173266
173939
174148
174185
174284
158337
158338
158358
158392
158524
158601
158972
158973
159191
159524
160023
160260
162521
163014
164053
164054
164517
164862
172797
172798
174337
174469
157928
157929
157992
157993
158474
158551
158848
158849
158211
158212
159019
159135
159498
159593
160277
160544
162520
162778
163876
163901
164018
164142
164987
165420
172526
172641
174470
174943
157576
157577
157227
157359
157758
157957
158552
158850
157990
157991
158599
158600
159592
159620
160276
161113
160545
160566
162851
163085
165039
165194
172622
172671
157422
157423
157225
157226
156945
156946
157703
157733
158553
159104
157480
157481
160259
160471
165038
165095
171654
171655
157186
157187
157292
157293
159991
160205
160815
160935
165144
165628
157066
157067
156563
156564
159660
159661
160142
160328
161342
161454
165143
165502
156486
156487
156370
156519
160327
160470
164546
164650
165627
165670
156464
156619
156208
156209
156050
156051
165695
166018
156618
156712
155812
155835
155813
155814
165626
165800
166133
166134
155639
155640
165310
165311
165799
165854
165972
166166
166255
155595
155614
155232
155233
165290
165291
165929
166202
155106
155231
155079
155195
165257
165258
154754
154755
154892
154933
154624
154891
154452
154453
154756
154827
154143
154196
155057
155078
154828
154979
153894
153895
154195
154482
155143
156296
155523
156297
153545
153546
154194
154256
153523
153524
153418
153419
153874
153875
152681
152682
153621
153638
152391
152392
153416
153417
152294
152295
153368
153369
152119
152120
153048
153049
151764
151765
