209221
209238
209408
207976
209559
209826
209743
209980
210676
210048
210155
210034
210413
210049
210073
210174
210437
210491
210744
210756
211000
210806
211546
210885
211253
211547
211659
211756
212136
212212
212382
212061
212172
212522
212771
212173
212711
212523
212863
212770
213098
213203
213385
213418
213432
213417
213463
213541
213967
213462
213560
213683
213999
213958
214033
213640
213790
214125
214526
213877
213959
214091
214167
213852
214203
214741
214764
214184
214249
214763
214798
214517
214527
214655
214656
214825
214918
214797
214986
215199
215365
214694
214695
214863
214917
215200
215448
215427
215716
214861
214862
215470
215805
215745
216007
214795
214796
215499
215823
215498
215601
215625
215653
215909
216287
215652
215715
215941
216377
215940
216494
215938
215939
215845
215875
215908
215966
216054
216130
215965
216069
216515
216699
216514
216611
216784
216879
216610
216835
216609
216686
217001
217211
216602
216603
216608
216726
217370
216725
216878
216877
216935
216968
217269
217089
217120
216424
216425
217173
217235
217087
217088
217452
217501
217086
217360
217536
217778
217084
217085
217479
217837
217537
218008
218076
218287
216999
217000
217632
217779
218175
218314
218305
218329
218464
218801
217043
217139
218330
218367
217042
217268
217341
217654
217267
217463
217424
218157
217240
217253
217432
217836
217535
217607
218173
218259
217423
217574
217835
217884
217618
217823
217719
218244
218174
218213
217327
217340
217573
217631
218064
218258
218097
218232
218257
218366
218398
218677
218212
218313
218378
218867
218811
218917
218304
218328
218397
218463
218963
219000
219095
219204
217898
217899
218377
218635
218997
219033
219164
219589
217834
217883
217662
217663
218776
218810
219151
219190
219638
219813
217571
217572
217286
217287
218835
219144
219124
219125
219298
219616
219639
219894
219884
220246
217516
217570
218961
218962
219468
219487
219895
220079
220068
220573
220312
220733
219308
220041
219958
220350
220296
220633
219271
219279
219959
220040
220390
220525
220101
220102
220632
220672
219248
219280
220432
220592
220502
220557
220058
220059
220686
220861
219034
219041
219281
219309
220673
221031
220526
220721
219763
219764
220860
220959
221140
218693
218751
219310
219405
220720
220989
220769
220895
219558
219716
221184
221220
218752
218918
219406
219488
220719
220862
221005
221108
219363
219364
219762
219861
221260
221353
218722
218777
219502
219617
221090
221119
219084
219085
219761
219957
219872
220039
221259
221275
218778
218880
219652
219765
221185
221200
218902
218903
219956
220022
220100
220295
221258
221512
221331
221654
218919
218932
219653
219717
220023
220081
221166
221391
221414
221439
218774
218775
220021
220057
220332
220389
221511
221610
220080
220229
221403
221484
221485
221683
220056
220137
220431
220572
221609
221710
220264
220320
221402
221438
221684
222032
220136
220469
220430
220645
220297
220646
220351
220606
222097
222238
220468
220631
220647
220960
222198
222252
220467
220501
220644
220768
220648
220722
222199
222418
220500
220605
220918
220936
220734
220735
222200
222364
220616
220790
220987
220988
222098
222099
220348
220349
220789
221056
221139
221257
222083
222669
221068
221199
221413
221437
221999
222000
220986
221030
221256
221671
221740
222236
221856
221857
221255
221298
221682
222047
221759
222321
222235
222362
221711
221712
221297
221436
222082
222217
221760
222031
222445
222704
221713
221932
222216
223043
221544
221754
222383
222666
222888
222897
221566
221567
222012
222554
222180
222489
223229
223267
221510
221638
222439
222672
222845
223036
223077
223138
221513
221533
222062
222145
222488
222610
223576
224141
221044
221045
221639
222112
222440
223093
223268
223352
223137
223635
221486
221487
221828
221844
222182
222269
222416
222417
222646
222665
222111
222218
223454
223577
223634
223896
221285
221286
221858
221891
222270
222384
222333
222334
222716
222817
222641
222642
222237
222476
223475
223536
223628
223717
223895
224105
221241
221261
222013
222048
222717
222761
222873
222967
222526
222770
222454
222475
222222
222482
222561
222647
223724
223959
221006
221109
222162
222419
223054
223393
222372
222373
222787
223136
222414
222415
222389
222455
222667
222788
223881
223992
221154
221299
223194
223364
222302
222361
222664
222858
223407
223567
222142
222143
222322
222363
222611
222620
224151
224173
221141
221201
223193
223825
223384
223408
222060
222061
222360
223374
222887
222934
222303
222304
222668
223055
224206
224325
224174
224279
223034
223035
223906
224058
223453
223465
221814
221815
221998
222179
222358
222359
223373
223452
222124
222125
223056
223195
224324
224571
224152
224232
224370
224410
223011
223012
223930
224292
224118
224541
223528
223633
221798
221813
221981
221982
222109
222110
222357
222629
223464
223474
222096
222144
222993
223022
223300
223409
224563
224572
223929
224028
224364
224643
224119
224316
224738
224829
223529
223788
223826
223842
221543
221608
222332
222474
222628
222966
223254
223255
222181
222223
223057
223177
223245
223246
223467
223485
224586
224630
223787
224094
224469
224666
224683
224781
224517
224561
225134
225262
224830
224960
223880
224161
221427
221428
221607
221681
223205
223206
222456
222789
223058
223294
223466
223568
223494
223718
224655
224739
224093
224205
224959
225049
224570
224910
225160
225313
225440
225665
224979
225263
221266
221267
221434
221435
221739
221875
223183
223493
222859
223037
222979
222994
223353
223455
223661
223726
223748
224007
224776
224921
223957
223958
224204
224379
225048
225287
224348
224562
225350
225436
225441
225447
224935
225118
221137
221138
221153
221229
221433
221563
221890
221969
223169
223176
222860
222995
222898
222945
223669
223707
223725
223747
223960
223961
224163
224258
224831
224892
224980
225145
224203
224231
225468
225848
221081
221082
220893
220894
221905
221931
222991
222992
223135
223451
222996
223218
222914
223066
223809
223843
224162
224293
224339
224440
225003
225229
224903
225013
225264
225514
223928
224358
224230
224409
225503
225819
220642
220643
220658
220755
221781
222215
222933
222965
223106
223110
222915
222916
223247
223343
223129
223476
224095
224121
224349
224556
224340
224380
225240
225323
225012
225272
225241
225382
225614
225956
223808
223879
224337
224407
224408
224439
225502
225657
225895
225915
220591
220718
221665
221952
223053
223159
222899
222917
224120
224175
224644
224858
224490
224491
225375
225731
225324
225336
225011
225124
225424
225722
225658
225957
223716
223764
223894
224006
224406
224681
224478
224555
225656
225719
226018
226205
220555
220556
220685
220788
221951
222197
222857
223021
224338
224518
224726
224804
224492
224684
225374
225448
225758
225820
223653
223869
224363
224502
224927
225002
224629
224748
226204
226423
220347
220363
220445
220446
222834
222835
224542
224740
224874
224893
224493
224832
225630
225678
225790
226019
223548
223549
223868
223987
224477
224501
224603
224665
224759
220318
220319
220054
220055
222714
222715
224359
224573
225673
225935
225679
225691
223927
224126
224356
224357
224664
224682
224909
225239
219974
220019
219847
219848
222687
222695
224326
224327
224574
224805
225677
225706
225989
226136
225496
225497
225759
225936
224775
224946
225196
225513
220018
220118
219810
219859
219539
219540
222552
222553
224142
224176
224503
224575
224843
224894
225469
225470
225721
225926
225442
225443
226137
226224
224774
224891
220067
220228
219588
219671
219486
219628
222473
222542
224046
224047
224294
224295
224895
225027
225720
225842
226050
226064
225265
225376
226115
226116
226373
226374
224890
224934
219403
219404
219277
219278
219430
219431
222438
222453
222541
222679
222816
223907
223908
224207
224280
224875
225109
225091
225108
226063
226206
225173
225174
225425
225558
226375
226825
224933
225019
219388
219429
222355
222356
222833
222896
223749
223750
223882
224059
224106
224177
224631
224632
225206
225351
226076
226694
225401
225680
226340
226485
226779
226971
225040
225172
222213
222214
222990
223336
223616
223617
223751
223776
224008
224096
224749
224844
225254
225403
226075
226154
226733
226814
225402
225480
225748
225849
226276
226321
227038
227057
222177
222178
222141
222497
223052
223158
223578
223579
223765
223854
224936
224937
225426
225481
225413
225572
225756
225757
226153
226360
226475
226584
226911
226952
225305
225306
227037
227151
221941
221942
223157
223228
223486
223487
224938
225020
225589
225654
225666
225749
226096
226097
226359
226601
226671
226888
226953
227199
225146
225147
227291
227402
221679
221680
223328
223406
223256
223257
223477
223636
225041
225050
225667
225707
225766
225870
226358
226405
226600
226605
226570
226758
226944
227109
227217
227218
227238
227292
227480
227518
227559
221521
221606
221664
221709
223383
223615
223139
223280
223637
223777
225066
225299
225871
226000
226568
226569
226655
226670
226759
226776
227110
227239
227216
227264
227356
227656
227592
227828
221498
221499
223078
223079
223281
223301
223558
223695
225079
225125
225835
225990
226052
226140
226531
226532
226654
226813
226693
226951
226740
226750
227382
227539
227459
227589
227697
228060
227634
227868
227866
227867
221295
221532
223196
223258
223537
223569
223696
223727
225207
225527
225760
225782
226051
226139
226141
226163
226598
226599
226950
227006
226681
226682
227538
227712
227460
227496
227620
227686
227720
227975
227913
227914
227869
227951
228046
228073
221271
221272
221541
221542
225175
225404
226212
226331
226934
226979
226623
226624
227731
227995
227957
227994
227958
228170
228165
228178
228121
228122
221273
221274
221352
225161
225273
225528
225631
226227
226309
226332
226456
226842
227005
227034
227369
226476
226477
226533
226777
228104
228263
227941
227959
228171
228177
228192
228241
228123
228206
221065
221066
225092
225093
226138
226226
226322
226362
226333
226449
226626
226845
226748
226749
227150
227320
227370
227478
226497
226498
226778
226889
228110
228120
228133
228134
228382
228506
228264
228310
221053
221054
220974
221067
224845
224846
225080
225162
226225
226361
226406
226625
226499
226789
226731
226732
226397
226398
227327
227428
227376
227429
227479
227912
226292
226293
226484
226707
226954
227183
228581
228685
228516
228582
228564
228633
220891
220892
225163
225176
226640
226734
226500
226585
226827
226955
226447
226448
226290
226291
227309
227375
227447
227488
227655
227756
226708
226815
227056
227430
228599
228765
228684
228699
228572
228608
228700
228789
220784
220785
220786
220787
224741
224742
225177
225219
226826
226917
226235
226246
226357
226446
225908
225909
225968
225969
227263
227389
227381
227516
227769
227821
226672
226695
227497
227983
228591
228766
228919
228929
228482
228547
228609
228631
225051
225067
225345
225482
226872
226912
227025
227087
226445
226483
225886
225925
225652
225653
227390
227768
227654
227685
226696
226935
227498
227558
229016
229038
228231
228280
228598
228896
228451
228463
225021
225022
227026
227152
227219
227302
226530
226730
225606
225629
225988
226040
225422
225423
225570
225571
227653
227677
226697
226843
227540
227645
229037
229115
228957
229194
228279
228294
228597
228698
228942
229156
228538
228620
224633
224634
227247
227265
226495
226496
226729
226766
225628
225730
225987
226033
225285
225286
227584
227603
226844
226945
227662
227799
229130
229180
229253
229316
228697
228758
229155
229268
228333
228355
228649
228806
224519
224520
226411
226412
226691
226692
226788
226943
225525
225526
227633
227738
227035
227184
227590
227591
227827
227865
229383
229461
229141
229351
229315
229409
228356
228444
228650
228909
228878
228886
224360
224361
226152
226176
226871
227148
226887
226927
225524
225718
225399
225400
227940
227974
227036
227086
227517
227616
227950
227984
229480
229491
229154
229179
229373
229490
229415
229633
228272
228309
228583
228807
228600
228601
229017
229254
224317
224318
224127
224128
225999
226114
226870
226903
227170
227198
227149
227182
225523
225557
225270
225271
227939
227993
228132
228332
227200
227310
227663
227800
227985
228095
229624
229640
229583
229623
229374
229745
224296
224297
224192
224193
223962
223963
226715
226716
227236
227427
227197
227262
227237
227246
225521
225522
225569
225781
224907
224908
227850
227864
228072
228514
228109
228399
228515
228590
227924
228017
229611
229689
229665
229720
229592
229680
229618
229698
229339
229442
223752
223855
223909
223910
223681
223682
226545
226597
227215
227290
227495
227536
227196
227207
225500
225501
225555
225556
224679
224680
227789
227798
228102
228764
228103
228217
228400
228491
228648
228683
229666
229672
229792
230045
229697
229853
229239
229462
223728
223729
223512
223513
223603
223604
227494
227546
227537
227583
227206
227466
225453
225454
224468
224476
227754
227755
228222
228262
228814
229069
229902
229926
229878
230033
229223
229255
229509
229554
223443
223444
227612
227788
227146
227147
225373
225391
225194
225195
224005
224045
228388
228596
228261
228415
229943
230233
229931
229959
229879
229941
229157
229158
229510
229593
229699
229842
227632
227644
227145
227465
226868
226869
224772
224773
225159
225298
224958
224978
224081
224291
228589
228660
228414
228435
229944
229975
229932
230023
229942
229974
229070
229109
229511
229555
229702
229793
229868
230036
227615
227696
227126
227127
224663
224737
224627
224628
228727
229006
228235
228293
230034
230138
230049
230084
229492
229534
229890
230035
230050
230271
227125
227368
223891
223892
224405
224489
228968
229299
229082
229250
228136
228137
228308
228443
230137
230339
230046
230174
230245
230295
229535
229784
230077
230182
227084
227085
223667
223668
223341
223342
224354
224355
228969
229108
229423
229460
229251
229252
229431
229617
228093
228094
228340
228818
228450
229091
230361
230362
230209
230544
230244
230350
230439
230720
229481
229482
229891
229892
230076
230085
230195
230280
227083
227169
226909
226910
222758
222884
222608
222609
224221
224222
224201
224202
229122
229177
229533
229744
229553
229798
229349
229350
229654
229679
228413
228537
230360
230440
230349
230504
230493
230590
230748
230793
229483
229498
230156
230196
229893
230058
226941
226942
227168
227181
226811
226812
226866
226867
222107
222208
222883
223051
222058
222059
223939
223940
224077
224078
224044
224079
229123
229408
229791
229956
229701
230056
229826
229988
228536
228563
230478
230505
230503
230747
230622
230641
230794
231249
230896
231053
229499
229690
230334
230468
230210
230296
229835
229894
230211
230363
226923
226924
227245
227374
226505
226506
222057
222076
223050
223155
222693
222694
223722
223723
223660
223715
224080
224323
229083
229178
229912
230539
230057
230219
229954
230621
228481
228528
230552
230623
230726
230792
230770
230847
230640
230714
231266
231421
229443
229612
230272
230308
230469
230610
226885
226886
227388
227490
222028
222029
223018
223019
223601
223602
223613
223614
230220
230307
230022
230568
228526
228527
230553
230685
230791
230845
230979
231205
230713
230826
231334
231809
229432
229433
229673
229827
230545
230703
230738
230944
226652
226653
227380
227415
221889
221904
221865
221866
222729
222730
222989
223020
223326
223327
223547
223694
230173
230232
228353
228354
230715
230827
230846
231047
230943
230954
231333
231386
231811
231986
229340
229341
229317
229424
229766
229945
230546
230624
226615
226616
221592
221593
222577
222578
222747
222748
222854
222855
223064
223065
223795
223893
230231
230725
228352
228682
228291
228292
230686
230901
231046
231178
231048
231173
231521
231702
229071
229072
229300
229301
229452
229512
229794
229969
230011
230114
230815
230858
226582
226583
221538
221619
223032
223033
230270
230294
230784
230978
228757
228864
228100
228101
230674
230675
230980
230981
230997
231045
231177
231233
231128
231356
231520
231636
232065
232429
229018
229039
229116
229117
229513
229752
230012
230152
230246
230479
230795
230902
226444
226562
225952
225953
221465
221466
222931
222932
230412
230413
228737
228918
228927
229053
227999
228000
230642
230653
231013
231193
231000
231275
231010
231011
231274
231291
231304
231357
231475
231635
232345
232430
229526
229568
229753
229946
230089
230281
230273
230920
226372
226443
226614
226659
225906
225907
225869
226031
221384
221385
222831
222832
230518
230616
228941
228956
228928
228979
229099
229206
227881
227956
230609
230759
231012
231065
231335
231452
231290
231385
231303
231370
231358
231476
231667
231773
229746
229795
230364
230426
230450
230564
226273
226274
226596
226639
226824
226926
225805
225834
226032
226319
221164
221165
222759
222760
230639
230679
230684
230719
228940
229098
228980
229297
229172
229382
229313
229889
230583
230584
230998
230999
231091
231138
231336
231359
231401
231439
231412
231436
231438
231837
231477
231545
231701
231798
232042
232325
230365
230451
226404
226421
226651
226690
226841
226916
225650
225651
225883
225884
226320
226466
221151
221152
222428
222429
230844
230935
228780
229107
229140
229284
229298
229314
229459
229790
229525
229610
230519
230531
231139
231292
231488
231779
231437
231586
231546
231658
231808
232020
226329
226330
226223
226244
226650
226908
226840
227004
227101
227214
225648
225649
225420
225421
226103
226104
226384
226422
221150
221254
222354
222371
222400
222401
230888
231420
230936
231172
228618
228619
229106
229249
229205
229508
229358
229478
229497
229639
229940
230135
229653
229696
231032
231073
231214
231402
231855
232317
231668
231725
231761
231772
226016
226017
226086
226087
226243
226272
226839
226978
227033
227055
225365
225366
225260
225261
225283
225284
225954
225955
221100
221101
221270
221294
222210
222382
222211
222212
222030
222046
230887
231009
228594
228595
228462
228505
229326
229336
229532
229632
229337
229338
229479
229489
229730
229825
229973
230010
231565
231678
231829
231830
232328
232625
231647
231735
231799
232075
225981
226015
225397
225398
225467
226289
226356
227003
227108
227144
227261
225322
225331
225039
225047
225170
225171
224487
224488
225332
225333
225914
226245
221028
221029
222209
222301
222250
222251
221873
221874
221826
222108
231072
231108
228570
228571
228290
228381
229657
229742
229652
229743
229816
229916
230044
230113
231587
231618
231527
231637
231828
231879
231734
231888
232112
232139
232076
232131
225754
225755
225867
225868
226073
226085
226465
226810
227082
227213
227326
227570
227308
227426
224920
224955
224672
224673
224956
224957
225841
226088
220889
220916
222079
222080
221539
221540
221753
221867
222196
222288
231071
231137
228535
228546
228070
228071
229678
229808
229760
229901
229953
229972
230136
230333
231547
231749
231831
231846
231328
231337
231588
231607
231878
232066
232123
232326
232151
232191
232152
232278
225702
225804
226442
226595
227212
227260
227331
227581
227582
227602
224918
224919
225107
225117
224554
224615
224515
224516
225779
225780
226074
226135
220476
220571
220915
221000
222077
222078
221265
221351
221482
221483
221843
221855
222320
222540
230894
230895
228479
228480
228545
228926
228044
228045
229815
229968
230009
230043
230048
230107
230576
230667
231926
232254
231856
232030
231934
231946
231589
231638
231845
231872
232316
232557
225123
225193
226271
226328
226594
226787
227195
227289
227708
227780
224917
224932
224540
224553
225169
225479
224334
224404
224662
224725
225703
225704
225705
225818
226203
226275
220114
220115
220523
220630
220914
220999
221929
221930
220857
220858
220984
221001
220985
221002
221737
221738
222663
222856
228339
228380
227909
227923
229015
229348
227767
227782
227910
227911
230021
230194
230193
230438
230162
230324
230134
230338
232043
232227
231857
232044
232067
232077
231533
231534
231548
231780
232327
232603
232497
232504
225025
225026
226327
226396
226785
226786
227167
227288
227709
227908
227779
227938
224989
225168
225478
225499
224219
224220
224402
224403
225411
225412
225697
225885
220002
220003
220317
220399
220997
220998
220856
220973
220495
220554
220477
220478
220752
220890
220817
220818
221017
221018
221696
222081
222885
222963
228994
229058
229458
229477
227781
227842
227748
227749
230218
230337
230279
230348
230678
230835
230328
230375
230403
230575
232228
232347
231847
231907
232153
232330
231371
231372
231503
231522
231810
231858
224803
224857
226395
226441
226765
226775
227194
227661
227707
227747
227937
228059
224654
224710
223807
223918
225334
225335
225381
225512
219917
219918
220309
220383
220855
221064
219871
220053
220496
220615
220442
220443
220693
220782
221530
221531
222886
222964
223156
223217
228950
228951
228967
229068
229457
229609
229631
229834
227710
227711
230359
230517
230886
230909
230404
230432
230615
230702
232346
232438
231947
232045
232259
232399
232329
232398
231314
231315
231504
231669
231920
231957
223400
223401
226287
226288
226403
226440
226727
226728
227193
227425
227746
227797
227820
228164
228027
228107
224139
224191
224709
224724
223350
223351
223917
223956
224335
224336
225077
225078
219892
219893
220223
220330
220382
220494
220781
220854
221076
221425
220384
220385
220207
220224
219879
219880
220147
220148
221509
221827
223253
223314
228779
228803
228804
228805
229067
229121
229608
229719
229888
230133
229877
229939
230492
230620
232467
232489
232544
232595
222959
222960
226185
226186
226726
226902
227387
227601
227580
227588
227949
227966
227863
227894
228191
228260
228108
228230
223744
223763
223091
223092
223312
223313
223955
223986
224140
224160
219715
219738
219790
219791
220329
220381
220510
220511
220779
220780
220346
220362
220165
220166
219683
219684
220116
220117
220133
220167
221426
221620
229051
229052
229238
229372
229718
229779
230293
230694
230151
230908
230001
230008
232505
232582
222958
223010
226083
226084
226725
227002
226901
227211
227600
227619
227948
228190
228183
228184
223612
223666
222661
222662
223985
224003
223925
223926
224092
224172
219736
219737
219739
219740
220380
220493
220585
220586
219636
219637
219612
219613
219266
219305
219359
219360
219521
219522
219759
219760
220190
220479
221212
221213
229036
229105
229778
229911
230292
230323
230701
230783
230000
230106
232506
232681
226013
226014
226724
226747
227244
227579
227514
227515
227706
227965
227841
228216
228351
228398
223588
223611
222606
222607
222160
222161
223745
223746
224002
224117
224076
224091
224074
224075
220522
220590
219634
219635
219018
219032
219255
219267
218826
218893
219174
219175
219651
219881
220310
220386
221198
221520
228787
228788
229104
229171
230396
230582
230834
231086
232255
232256
232706
232869
225539
225540
225798
225799
226680
226933
227243
227414
227705
227906
227819
227973
228215
228240
228432
228433
228412
228434
223381
223382
222139
222300
223462
223463
223954
223984
224116
224514
223404
223405
224073
224229
222756
222757
220521
220584
218688
218705
219107
219108
219556
219803
221181
221240
228659
228726
229170
229607
230395
230477
230813
230814
232750
233012
225252
225253
225664
225753
225582
225583
226657
226658
226831
227001
227124
227287
227446
227513
227840
227880
227695
227907
228026
228036
228431
228456
228802
228877
223226
223227
221678
221736
223168
223192
223526
223527
224115
224290
224539
224747
223924
224004
222575
222576
220371
220372
218649
218665
218895
218980
218736
218737
219321
219464
219834
219990
221102
221103
229630
229797
230843
230873
233013
233126
226560
226561
226638
226669
226714
226784
227123
227166
227512
227557
227765
227766
227879
228119
228058
228131
228441
228442
228763
228801
228876
229248
223151
223152
221537
221562
223153
223154
223504
223535
224218
224245
223852
223853
222369
222370
222380
222381
220016
220017
218549
218550
218704
218844
218763
218769
218735
218894
218197
218209
218632
218916
219200
219201
219465
219586
220798
220799
221003
221182
229852
229876
231008
231056
233151
233446
226438
226439
226668
226746
226580
226581
226544
226566
227423
227424
228016
228069
228245
228430
228908
228933
223089
223090
222692
222728
222815
222830
223372
223403
223292
223293
223631
223632
222140
222176
220052
220520
219757
219758
218324
218325
218703
218825
218242
218243
218578
218579
218734
218942
218135
218136
218633
218770
219202
219268
220753
220754
221004
221019
230994
231136
226370
226371
226590
226591
226689
226757
226307
226308
226493
226494
226667
226739
227401
227422
227839
227964
228244
228440
228907
229090
229169
229325
222803
222804
222961
222962
222592
222640
222593
222594
223076
223105
223402
223473
222843
222844
223545
223546
221863
221864
220051
220410
219378
219379
218060
218061
218495
218504
218044
218045
218171
218172
218428
218429
218706
218707
217626
217627
217954
218063
218592
218845
219071
219072
220783
220917
230953
230975
231161
231265
225934
226030
226559
226567
226151
226191
226666
226799
227400
227477
227972
228092
228205
228289
228439
228478
228863
228880
229233
229335
229296
229472
229357
229616
222590
222591
222534
222535
222471
222472
222525
222539
223298
223299
221508
221605
221431
221432
219942
220015
220409
220464
219275
219276
218453
218503
217929
217937
217555
217556
217650
217651
218021
218022
217354
217355
218533
218534
217491
217492
217912
218006
218505
218563
218806
218807
220669
220809
220945
220946
230974
231007
231186
231232
231286
231675
226039
226049
226558
226649
226512
226665
227032
227054
227458
227493
227862
227947
228025
228075
228288
228476
228569
228630
228859
229066
229414
229552
229582
230055
229476
229688
229615
229777
222451
222452
222469
222470
222330
222331
222398
222399
221284
221383
220050
220113
220570
220927
219004
219005
218254
218300
217320
217321
217499
217500
217208
217209
217742
217743
216606
216636
218342
218365
217322
217323
217812
217992
218210
218301
220497
220498
231332
231392
231326
231450
225905
225951
226095
226127
226491
226492
226637
226809
227259
227286
227878
227922
228474
228475
228647
228756
228835
228850
229622
229677
229776
229900
222379
222574
222243
222244
222329
222388
221080
221239
219703
219704
220668
220808
218891
218892
218073
218074
218323
218462
217134
217135
216478
216507
216719
216720
216857
216858
217136
217137
218349
218392
217368
217388
217716
217977
220331
220444
220411
220499
231284
231285
231543
231722
225816
225817
225967
226162
226464
226490
226269
226270
226636
226688
227877
227936
228461
228490
228349
228379
228646
228736
228800
229035
228849
228858
229796
229887
229910
229999
222342
222343
222605
223042
221966
221967
222234
222249
220928
221107
221253
221401
219682
219870
219610
219611
220692
220972
217896
217897
218299
218427
215873
215884
216332
216333
216411
216412
216859
217018
218230
218231
220149
220168
220191
220192
220512
220524
231283
231473
225641
225663
226038
226113
226147
226258
225832
225833
226687
226706
227807
227808
227904
227905
228278
228287
228524
228525
228735
228742
228799
229295
228848
229139
229957
230068
229899
230147
230042
230389
222978
223150
221949
222027
222174
222175
220888
220958
221293
221604
219337
219377
219869
220001
220853
220944
217809
217810
218195
218196
215089
215090
216111
216212
216386
216508
216152
216153
216755
216756
218062
218153
217975
217976
219972
219973
220134
220373
231271
231272
225445
225446
225537
225538
225949
225950
225966
225986
226242
226318
225690
225777
227763
227764
227777
227778
228331
228387
228429
228477
228725
228778
228743
228895
228827
229030
229267
229334
229958
230150
230180
230181
229824
229915
230161
230208
230425
230683
222813
222814
221779
221780
221854
222437
221928
221950
221312
221350
219138
219139
219172
219173
220164
220429
221063
221127
217701
217715
217039
217040
218042
218094
217756
217757
214981
214982
215982
215994
216185
216186
216479
216553
215933
215934
216595
216596
216667
216799
217829
218043
217740
217741
217283
217284
219943
219944
220387
220465
231204
231231
225344
225372
225520
225588
225297
225312
225924
226072
225646
225647
226317
226383
225626
225627
227745
227876
228350
228411
228668
228711
228826
228894
228925
228993
229347
229392
230148
230538
230230
230321
229833
229867
230207
230638
230527
230651
230825
230833
221707
221708
221812
221825
221903
221968
218940
218941
219163
219213
218630
218631
220428
220546
214897
214898
215224
215302
215802
215803
216151
216196
215842
215843
216554
216555
216668
216764
217811
217867
217648
217649
217386
217387
216780
216834
219919
220150
220466
220657
224888
224889
225477
225568
224906
224954
225311
225330
225536
225567
225904
225933
226300
226369
225328
225329
227683
227684
227643
227730
228410
228513
228645
228724
228924
229138
230075
230327
230322
230390
229782
229783
230229
230460
230832
231248
230963
231006
221676
221677
221824
221927
221797
221842
218532
218577
219092
219093
219463
219501
218425
218426
220553
220751
214448
214590
213776
213777
215726
215782
215325
215326
216068
216082
216387
216419
216637
216669
217625
217739
216813
216833
216665
216666
219705
219920
224699
224723
224887
225106
225304
225321
225882
225903
225235
225236
227421
227489
229153
229247
230502
230567
230228
230291
230530
230693
221291
221292
221926
221965
218483
218484
219017
219171
218629
218958
218410
218424
220492
220614
220750
220926
214388
214447
213504
213505
215561
215646
215053
215071
216050
216051
216052
216053
216597
216670
217353
217532
216619
216620
216374
216375
219670
219685
224708
224842
224953
225238
225746
225747
227257
227258
227475
227476
229152
229407
229324
229381
230595
230619
230652
230673
230172
230227
230718
230907
230993
231079
221997
222095
218374
218391
218133
218134
218151
218152
220462
220463
220491
220569
220702
221118
220971
221370
214245
214395
215025
215026
215820
215821
215443
215444
216019
216112
216654
216655
217318
217319
216950
216967
216551
216552
215992
215993
216080
216081
219466
219485
219483
219484
224560
224736
225729
225778
227234
227235
227413
227587
229129
229230
229422
229550
229488
229775
229333
229551
230633
230737
230769
230857
230192
230402
230919
230924
231160
231311
222075
222319
217875
217876
218132
218676
219858
219916
220379
220872
220816
220852
213923
213924
214178
214885
214886
215516
215532
215362
215363
215902
216197
217206
217207
216682
216683
215780
215781
215712
215713
214821
214822
219361
219362
224332
224333
224585
224642
225565
225566
227398
227399
228917
229050
229222
229294
229441
229507
229566
229676
229567
229729
229807
229874
230952
231203
231264
231416
222074
222159
217865
217866
218093
218576
219802
219868
220245
220461
220887
220996
220925
221192
220851
221027
213762
214044
214700
214701
215418
215419
215261
215262
215744
215935
217016
217017
215779
215841
215024
215165
215300
215301
214718
214760
219338
219339
224308
224309
224559
224758
225439
225466
225518
225519
227412
227652
229293
229312
229656
229671
229758
229759
229986
229987
229875
229930
231242
231247
221947
221948
222173
222853
217821
217822
217554
217755
219788
219789
219801
219867
220460
220641
215027
215054
215360
215361
215166
215179
215578
215620
215936
215995
216975
217079
216753
216754
215560
215619
214445
214446
214606
214820
219187
219188
219140
219587
223587
223652
224552
224558
224626
224698
225303
225310
227325
227545
229311
229670
229655
229717
229737
229789
230020
230041
229998
230315
221518
221519
222207
222829
217592
217593
217447
217477
217775
218092
219633
219650
219519
219520
219335
219336
219891
219954
220427
220459
215258
215259
215111
215192
215008
215009
216067
216096
215468
215469
214424
214468
219109
219110
219040
219111
223380
223503
224138
224159
224557
224602
224697
224802
225157
225158
225237
225257
227284
227285
229332
229524
229716
229788
229909
230083
230191
230551
230007
230067
221369
221400
221310
221311
222206
222341
217304
217305
217203
217204
217476
217567
217714
217738
218114
218482
219461
219462
219387
219500
219198
219199
219933
220742
214564
214565
215091
215335
215952
215953
218896
218897
218981
219006
219122
219141
223191
223266
223878
223905
224660
224661
225060
225065
227233
227307
229523
229531
230205
230206
221282
221283
221227
221228
221822
221823
222268
222353
217282
217490
217096
217117
216831
216832
217352
217422
217678
217864
218090
218091
219062
219082
219358
219555
218702
218824
219932
219971
213838
213871
214930
214948
218748
218808
218721
218931
223182
223297
223714
223806
224678
224757
224652
224653
224770
224771
224814
224873
227031
227445
229506
229606
230378
230401
221162
221163
221887
221888
222277
222299
217205
217222
216829
216830
217647
217677
217808
217863
218170
218390
218914
218915
219357
219571
218673
218674
218843
218996
219989
219999
213823
213824
214777
214778
214949
215260
218608
218609
218689
223075
223128
223693
223743
224504
224601
224756
224801
224071
224072
224537
224538
224676
224690
226970
226988
229605
229715
230424
230515
222298
222727
217014
217015
216751
216752
216505
216506
217303
217338
217773
217774
218169
218253
218686
218687
219334
219554
218619
218930
218890
218957
220132
220834
220000
220458
213286
213309
214304
214305
214950
215178
218496
218497
223225
223423
224438
224467
224677
224696
224828
224977
223937
223938
224070
224346
224347
226884
226907
226968
226969
229549
229591
230516
230712
222297
222444
216931
216932
216652
216697
216301
216385
216029
216030
218040
218041
218275
218285
218648
218675
219228
219254
219632
219824
218531
218664
220131
220189
214106
214107
213872
213897
214853
215055
223720
223721
226977
227143
222172
222221
222551
222660
216567
216568
216856
216933
216741
217262
216384
216477
216028
216110
215840
215883
217911
218168
218312
218341
219247
219253
219631
219809
218194
218252
220188
220328
213895
213896
223585
223586
226864
226865
227142
227283
222842
223127
216253
216409
215871
215872
216529
216530
216740
217038
216504
216873
217861
217862
219081
219091
219609
219756
219833
220097
218241
218389
220327
220407
213742
213743
223519
223630
226837
226838
226635
226648
227122
227205
227324
227411
222882
222988
215855
215856
215778
215857
216346
216410
217857
217874
219585
219846
218167
218208
218461
218562
220408
220490
213559
213570
213311
213312
223370
223371
223665
223786
226822
226823
226473
226474
226529
226557
227192
227224
227464
227528
222881
223031
223279
223392
215776
215777
215207
215208
215678
215679
216417
216653
217771
217772
219428
219460
217952
217953
218039
218166
218460
218628
220489
220656
213379
213380
213569
213706
226211
226222
226354
226355
226527
226528
226589
226634
227232
227409
222755
222872
223335
223518
223472
223659
215482
215483
215576
215577
216418
216462
217725
217726
219402
219427
217723
217724
220655
220740
213346
213347
226125
226126
226133
226134
227080
227081
227408
227410
227569
222572
222573
222871
223009
223742
223840
215417
215559
215191
215206
217590
217591
219251
219252
219459
219681
220741
221052
213261
213345
213094
213095
226028
226029
227396
227397
227578
227599
222286
222287
222627
222639
223008
223278
223762
224027
223841
223904
215272
215273
215022
215023
219458
219735
221075
221117
213131
213310
212950
212951
225789
225831
226011
226012
227598
227704
221924
221925
222233
222242
222604
222638
222957
222977
223277
223627
223691
223692
224026
224171
215245
215311
214758
214759
214947
214979
219754
219755
221126
221197
212966
213054
212834
212835
225535
225564
225604
225605
227535
227544
227719
227786
221840
221841
223276
223325
223706
223741
223600
223651
224170
224437
215310
215442
214544
214563
214495
214496
215069
215274
221136
221211
212736
212737
213027
213053
212738
212739
225451
225452
227729
227744
227787
227826
221751
221752
223805
223867
224436
224569
215415
215416
214542
214543
214155
214201
214444
214671
221099
221252
212726
212778
221675
221735
223785
224114
223945
224217
224568
224755
215190
215381
214512
214513
214226
214227
221062
221180
212413
212452
212735
212884
221669
221670
223680
223690
224104
224216
224228
224551
224754
224886
214977
214978
215380
215618
214228
214276
220970
221026
212195
212209
212624
212757
221590
221591
223556
223557
223689
223740
224215
224435
224885
225122
214945
214946
215088
215126
215711
216066
214156
214157
214277
214303
220849
220850
212623
212768
221560
221561
223379
223399
223739
223761
224451
224475
225141
225349
214588
214589
215110
215125
216065
216267
213051
213129
213869
213906
214278
214465
220717
221051
220441
220457
221559
221637
221706
223290
223291
223713
223804
224466
224584
225104
225105
225348
225364
214326
214336
215139
215324
216266
216503
212807
212808
213703
213704
220667
220716
221423
221424
223087
223088
223803
223890
224450
224600
225155
225156
213994
213995
214290
214351
215963
215964
216502
216618
220715
220886
221398
221399
222754
222786
224614
224651
225037
225038
213867
213868
214154
214374
216476
216550
220666
220807
221348
221349
222658
222659
224650
224800
213588
213635
213836
213837
214364
214562
216549
216617
220544
220545
222412
222413
224813
224841
213330
213331
213332
214335
214561
216635
216910
220519
220583
222275
222276
224884
224988
213143
213249
213092
213238
214088
214089
220425
220426
222231
222232
213026
213111
212881
212882
214066
214325
222157
222158
212793
212806
212883
212912
221995
221996
212578
212579
212396
212397
212127
212128
212366
212398
212287
212288
211924
211925
211673
211674
211881
212129
212399
212500
212164
212286
211467
211468
211432
211442
211689
211840
212078
212079
210980
210981
211457
211562
211787
211788
210819
210877
210802
210924
210405
210613
210122
210123
210878
210967
209855
209856
210361
210362
210952
211103
209620
209653
209824
209836
210803
210925
209372
209373
209518
209533
210348
210349
209353
209374
209394
209402
209199
209245
209149
209150
