143192
143176
143216
143050
143051
143311
143442
142881
142899
142846
143081
142326
142327
142823
142845
143455
143696
141488
141922
142285
142286
142844
143256
143713
144084
141189
141190
142725
142822
144103
144186
140491
140492
139692
139744
142514
142688
142880
143553
144010
144162
140318
140490
137992
138099
139144
139169
142346
142378
142748
142860
144161
144436
139796
139797
140489
140515
136916
136917
142170
142221
142377
142391
142513
142571
143175
143552
144435
144571
139592
139593
140535
140967
136810
136811
142570
142843
143516
143846
143600
143671
139543
139544
139088
139089
140784
140988
136709
136945
136407
136408
142842
142914
143845
143985
139542
139962
139319
140087
138974
138975
141148
141340
136360
136361
142945
143101
144009
144160
143984
144032
139524
139815
139850
139894
138662
138663
141512
141755
135758
135759
135968
135969
143983
144387
139620
139895
139833
139834
138520
138763
141730
142031
135679
136549
135485
135486
144059
144472
139731
140317
138451
138452
142030
142161
135640
135641
136359
136708
134523
134524
139711
139832
140368
140415
138329
138502
137867
137868
142169
142284
135375
135991
134593
134635
136022
136023
136707
137310
133632
133687
139794
139795
140414
140575
138058
138059
137726
137893
142127
142705
142304
142407
135118
135119
135484
133734
134083
136706
137940
137311
137835
133210
133211
139768
139793
140592
141084
138037
138812
137415
137416
142070
142088
142089
142313
142429
142512
135032
135033
135347
135914
133399
133604
136705
136841
137834
138265
132927
132928
140215
140390
141083
141237
137866
137991
138798
138799
136895
136896
142029
142160
142052
142220
135117
135261
133603
133733
136641
136642
137341
138400
137833
138600
132898
133065
138614
138615
138660
138661
141878
141879
142219
142255
136434
136572
138738
139118
132336
132337
141235
141236
142218
142283
136207
136208
136596
137219
138761
139218
138920
139045
132201
132202
131764
131765
140760
140800
141971
141972
142325
142345
135967
136112
135757
135891
136704
136758
137451
138399
138762
139087
139318
139676
138782
139065
131924
132010
130994
131203
140412
140413
141769
141808
142344
142759
135565
135566
136084
136238
135892
135913
136798
136875
137450
137747
139650
139710
139064
139494
130872
131380
130940
130941
140254
140591
141461
141462
142859
142879
135234
135235
135330
135331
136915
137172
137746
137796
139001
139002
139591
139792
130600
130601
131381
132417
129891
130339
130017
130033
141362
141363
142841
142971
135169
135170
137795
137892
139590
139649
130138
130139
129188
129213
129074
129237
129971
129996
141319
141379
141338
141339
143100
143379
135116
135373
137794
137815
139570
139730
130500
130958
129595
129890
129090
129187
129532
129856
128840
128841
129940
130418
141107
141108
140734
140735
143135
143454
143424
143835
134790
134791
137990
138081
139216
139217
139939
140158
130499
130681
131226
131379
129530
129531
129052
129053
129939
130140
127720
127721
128760
129418
143425
143624
143929
143930
134669
134670
140411
140442
130377
130378
131274
131607
128816
128817
128182
128581
143625
143798
144231
144250
134521
134522
140441
140488
130264
130296
131273
131378
131815
132100
128180
128181
128524
128547
128582
129263
143799
143878
144159
144516
144459
144517
134504
134945
134310
134311
140574
140622
130074
130075
131377
131763
132134
132247
128161
128502
128022
128023
128305
128306
143549
143550
143579
143580
144568
144656
144569
144724
133579
133732
140715
140798
140799
140851
131735
131736
132597
132677
127831
127967
127854
127942
143551
143815
143548
143782
144723
144820
144655
145145
144518
144892
144891
144939
133347
133362
140714
140759
131396
131961
132764
132860
127344
128285
127989
127990
127140
127141
127795
127796
143426
143427
143357
143358
144419
144434
144460
144591
144938
145022
133109
133136
140156
140157
140824
140944
131271
131272
132071
132793
132897
133331
127234
127321
128469
128611
127110
127292
143190
143191
144433
144553
144592
145300
145146
145163
133083
133084
132880
133601
139875
139961
140823
140864
131202
131225
132070
132470
132794
133470
132881
133006
133330
133652
126431
126482
128468
128796
128797
129001
126218
126219
142857
142858
144030
144031
144552
145230
144593
145164
145231
145328
132099
132161
132628
132958
132879
133082
133686
133816
140909
141106
131065
131066
131224
131435
131814
131890
132792
133209
133651
134182
126481
126991
128839
129315
126144
126432
125893
126374
142428
142475
143578
143623
144458
144746
145299
145486
144519
144570
145344
145585
131698
131762
132393
132394
132959
133208
133081
133397
133840
134181
140927
140966
141318
141396
131222
131223
131781
131782
132791
133398
133449
133841
134154
134357
126990
127388
129341
129391
125995
125996
126406
126920
142281
142282
142474
142511
143377
143378
144270
144906
144766
144907
145523
145842
145550
145799
145658
145678
131555
131606
132925
132926
132924
133023
133496
133630
134455
135233
140908
141234
141970
142126
131677
132009
131333
131334
133448
133533
134041
134385
127387
127794
125862
125863
125375
125376
141951
141952
143029
143030
143207
143208
144136
144137
144905
145144
145549
145584
145629
145971
145630
145843
131605
131801
133005
133289
132675
132676
133685
134081
134613
134968
140907
141254
141295
142159
133602
133631
134402
134570
127793
127923
125812
125834
125170
125196
141707
141708
144058
144269
144654
144865
145162
145522
145777
146135
146215
146373
145918
145950
131531
131800
134082
134133
135232
135305
141253
141294
134196
134216
134571
134737
125228
125746
124418
124419
125197
125726
143863
144083
145521
145570
146297
146389
145919
145951
146562
146609
131199
131200
131799
132160
134309
134356
135372
135836
141361
141644
134569
135374
125149
125559
123053
123179
124615
125041
143780
143781
145583
145865
146410
146411
146048
146158
130871
130903
131779
131780
134401
134454
136048
136757
135399
135422
123008
123009
123281
123721
125080
125259
143402
143423
145582
145704
146181
146182
146580
146727
146049
146412
130498
130733
134426
134843
136049
136660
137814
137939
122598
122599
122903
123180
123252
123253
123720
123987
125104
125229
143271
143272
146889
147056
146909
147057
146767
147093
130398
130399
134132
134285
134989
135136
122417
122418
123181
123254
124156
124840
125317
125864
143270
144120
146888
146955
146926
146956
146843
146844
130243
130244
130163
130262
133860
133861
135168
135260
122035
122036
123255
123669
123667
123668
124826
124827
125377
125467
143123
143124
147038
147074
147135
147225
129970
130162
129645
129646
130263
130400
133839
133968
135167
135421
121528
121529
121530
121531
123670
123923
123529
123530
122560
122561
124693
124694
125424
126272
143049
143174
147120
147398
129592
129593
129623
129624
130401
131250
135483
135602
121478
121553
123650
124034
123479
123790
122582
122735
122013
122014
125425
125616
126407
126523
142782
142783
143173
143285
147493
147675
129261
129262
135564
135756
121450
121451
123480
123481
124237
124392
122394
122395
121712
121713
126483
126524
142472
142473
143401
143622
147412
148274
147676
147721
135563
135863
121452
121554
123440
123531
124393
124841
121367
121448
121368
121477
126538
126921
142253
142254
143400
143422
147160
147176
148431
148758
147931
148116
135933
135990
121046
121047
121827
121969
123532
123671
124238
124274
120328
120329
121447
121770
121449
121622
127063
127345
142195
142196
143421
143862
146798
146799
148348
148510
148797
148829
148117
148307
135862
136206
120892
120893
121694
121828
121997
122263
124296
124636
120063
120064
120302
120510
121769
122034
121222
121223
127062
127142
127431
127722
143399
143577
143861
143982
146748
146908
146749
146750
148003
148004
148591
148667
148830
149111
148034
148349
135658
135659
136205
136261
120758
120894
121695
121771
122371
122419
124172
124420
124880
125284
120280
120281
121577
121578
122140
123052
121148
121149
127430
127563
127745
128387
143309
143310
143796
143797
144119
144207
146696
146697
147969
148509
148777
149068
148831
149021
147957
148035
134894
134895
136151
136204
136380
136453
120895
120934
121453
121454
121743
121871
122489
122533
122420
122508
123848
123849
124469
125013
125171
125682
119793
119978
123051
123217
123922
127968
127991
144399
144471
144208
144432
147900
147930
148778
148959
149022
149069
147981
148118
136203
136611
136612
136989
120861
120862
120982
121007
121872
122037
122534
122952
123850
123891
124881
125356
125337
126220
119265
119319
123007
123121
123301
123624
123921
124417
128583
128893
144786
144845
144515
144683
147899
147929
149176
149204
149112
149146
147932
148005
135860
135861
136658
136894
137115
137340
120593
120594
120935
120936
122038
122291
122490
122772
123083
123104
123892
124191
124828
125014
125637
127293
126433
126764
126375
126805
119059
119378
122930
122931
122929
124018
124450
124571
128869
129432
144904
145045
144630
145062
147788
147898
149253
149434
149177
149614
147982
148102
135755
135835
136659
136944
137114
137135
120653
120691
122444
122662
125661
126054
127294
127564
126804
126893
126819
126894
118900
118901
119320
119379
122700
122701
121825
121826
122462
122559
124171
124189
124614
124760
128842
129054
129719
130544
145001
145276
144890
145002
147897
148033
149538
149839
149178
149326
148176
148384
136736
137116
137065
137155
120692
120736
122663
122736
125617
125683
126242
126293
127483
128072
118625
118626
119188
119189
119688
119919
121495
121496
121444
121600
124190
124449
124761
125194
129720
130297
147896
147980
149537
149717
149955
150195
149435
149810
148214
148432
137117
137910
137156
137938
120142
120143
120654
120655
122953
123256
125684
126922
128183
128225
119718
120168
119979
120511
121445
121446
121711
122507
124570
124986
125195
125725
130323
130501
147518
147519
148175
148319
149954
150251
150196
150947
149483
149977
137937
138057
120119
120120
120614
121150
122954
123422
124173
124695
125587
125618
126936
127389
128307
128409
119689
120463
121005
121006
121599
121621
122532
123029
125283
125745
125971
126461
147191
147192
147438
147439
148403
149046
150033
150252
150968
151170
149484
149525
138131
138408
120485
120615
121151
121696
122879
122880
125619
126342
128308
128388
128567
128683
119600
119601
120859
120860
121620
121824
123178
123198
125763
126052
126460
126689
147190
147224
147036
147037
148402
148706
149252
149838
150253
150446
150948
151067
151169
151637
149689
150396
138130
138867
138409
138811
120393
120394
121697
121939
125468
125790
128612
128761
128734
128818
119528
119572
120412
120413
121575
121576
123321
123478
125762
126102
126053
126271
127087
127673
146976
146990
146560
146561
148305
148306
148705
148796
149360
149613
150447
150676
151010
151026
151711
151902
149690
149918
150504
151280
138398
138613
138810
138935
119953
119954
120121
120169
122015
122445
125172
125173
128935
129597
119349
119690
119057
119058
119950
119951
121527
121673
123322
123957
126314
126315
127086
127269
127853
127966
146953
146954
147927
147928
148159
148160
148692
148776
148958
149020
149524
149591
150901
150969
151009
151052
151730
151947
151903
152038
149995
150254
150902
151027
139086
139316
122016
122141
122463
122773
124930
124931
128936
129647
129596
129721
119139
119228
119056
119167
118623
118624
119918
119952
121146
121147
121849
122065
123956
124097
126316
126502
147740
147838
147343
147344
148775
148957
149045
149110
151051
151199
151968
152280
151841
152667
152419
152873
151068
151088
139128
139317
122955
123672
128917
129370
129803
129972
118627
118628
119241
119441
118696
118878
118307
118334
119743
119887
121045
121312
120140
120141
122322
122393
124273
125103
126603
126848
148612
148613
149019
149385
149203
149433
151227
151406
151967
152469
151792
151969
152513
152767
151407
151656
139143
139336
122956
123257
128870
128963
118335
118828
119285
119573
119767
119888
118261
118262
117913
117934
118082
118083
119455
119456
119716
119717
121044
121288
119834
119835
119916
119917
122321
123120
122531
122796
124272
124492
125316
125833
148478
148479
149018
149466
149523
149536
151226
151405
151970
152235
152853
153060
123258
123441
128584
128585
118128
118129
118829
119140
117159
117207
117820
118178
118354
118672
119415
119416
121246
121574
123167
123458
122984
124126
125315
125495
126025
126373
149017
149109
152039
152216
152934
153264
117937
117958
117769
117848
119141
119168
117019
117020
117530
117531
118491
118492
121245
121415
123457
123890
124214
124692
126430
127169
152281
152514
117510
117511
117427
117532
119321
120042
117158
117206
116917
116918
117935
117936
118413
118803
121004
121494
124017
124321
124808
125123
126429
126803
127170
127268
117039
117064
117310
117461
119322
119529
117253
117363
116579
116685
116686
116687
116261
116362
117507
118000
118414
118512
120932
120933
121552
121848
124350
125040
125169
125258
127386
127651
116835
116836
116732
116733
117364
117462
119286
119380
119574
119744
117362
117459
116260
116283
117618
117619
118513
118697
120690
120931
121598
121823
125314
125636
125193
125586
127652
128650
116381
116445
117463
118156
119381
119508
116259
116282
116944
116945
118493
118514
120613
120652
120784
121145
121968
122213
125313
125443
125660
125892
125832
125970
127562
127940
116138
116139
117464
118179
119509
119575
116239
116240
116100
116137
116208
116301
116731
116757
120326
120327
120573
120574
121169
121493
121870
121911
122214
122320
126050
126688
126051
126892
127941
128046
115946
115947
115825
115826
117465
117797
119576
119617
116136
116380
115454
115561
116758
116931
119949
119977
120279
120367
121492
121597
122086
122111
122370
122392
128070
128651
115899
115927
115737
115900
116895
116946
117822
118001
115990
116258
116409
116410
116969
117460
119856
119857
119855
120325
121596
122168
122262
122416
123082
123166
128071
128546
115320
115321
115901
115902
117938
118673
115431
115432
116237
116238
115785
115786
116101
116670
117508
117677
119598
119599
121221
121244
122290
122319
122530
123300
123456
123501
128566
128868
115827
115828
117878
118084
116168
116329
115563
115564
115945
116077
117509
117722
119348
119527
118779
118780
121243
121338
122341
122461
122558
122597
123299
123846
123623
123847
129088
129212
117428
117798
118130
118781
116444
116756
115544
115562
115501
115502
115787
116018
117701
117821
118802
118827
118621
118622
121337
121551
122596
122820
123118
123119
123845
124154
123622
124096
123872
123955
129089
129482
116734
116735
117723
117770
118830
118902
116443
116531
115146
115147
115148
115149
116019
116209
117592
117656
118826
119007
118509
118510
121550
122064
123165
123280
123843
123844
124235
124349
124155
124270
116474
116475
116382
116383
117771
118744
116649
116916
114791
115145
114536
114537
114894
115030
116363
116411
118742
118743
118490
118511
121273
121274
121967
122110
123216
123871
123279
123350
123818
123819
124236
125102
124271
124371
116302
116303
115788
115847
116413
116532
117772
118085
116669
117088
114718
114893
114168
114169
114292
114831
116412
116759
118411
118412
120959
121043
122109
122261
123920
123953
123349
123406
123842
124569
125312
125442
124661
124691
115948
115949
115647
115648
116364
116855
117620
117621
118107
118579
116668
116707
113973
114073
114021
114022
114871
114997
116330
116331
118202
118540
120324
120392
122239
122260
123954
124741
123589
123767
124568
124839
125557
126085
115711
115712
115482
115483
115972
116061
116446
116447
117879
117978
118649
118674
116530
116552
116874
117157
113623
113624
114072
114119
113735
113736
114556
115293
116059
116060
117741
117742
118218
119081
120222
120223
120391
120509
122166
122167
123666
124491
123768
124234
124567
124825
125558
125937
126313
126818
115603
115632
115197
115223
115633
115738
117743
117773
118958
119082
116442
116667
113559
113560
113825
114004
114291
114830
113403
113404
114481
114482
118080
118081
119284
119478
119853
119854
122165
122192
121618
121619
123621
123749
124153
124170
125039
125336
126957
127084
114793
114794
115586
115587
117774
117775
118930
119008
116408
116730
113301
113302
113375
113376
114790
114996
113303
113304
114265
114538
117999
118333
117795
117796
119597
119687
122139
122259
123347
123348
123889
124070
125423
125681
126988
127427
127085
127289
114577
114578
115294
115588
117429
117430
117724
118032
119009
119242
116235
116236
116729
116834
113105
113171
113103
113104
114789
115222
113013
113014
114539
114746
117976
117977
118332
118601
118899
118928
119662
119948
121995
121996
122318
122369
123250
123251
124095
124689
125809
125810
127426
127482
127343
127589
114120
114121
114998
114999
118063
118108
119350
119417
115870
115871
116041
116042
116706
116776
112924
112925
112962
112991
114770
114771
112802
112803
113974
113975
117975
118031
118567
118825
118578
119205
121994
122108
124094
124188
124690
124879
125808
126084
125811
125831
127650
127719
127619
128144
114515
114516
114540
114662
118203
118284
119418
119836
119457
119745
116472
116473
112531
112616
112849
112850
112667
112668
114769
114974
112597
112598
113976
114074
118306
118508
118929
119283
122085
122191
124269
124370
125012
125100
126083
126240
125993
126241
127744
128086
127455
127561
128838
128984
114437
114514
114663
114833
118236
118973
119206
119266
119837
120065
116378
116379
112780
113086
112410
112411
114457
114458
112438
112439
114170
115433
118201
118847
121822
121993
124233
124566
125101
125494
126172
126427
125994
126121
126428
126638
127743
128021
128160
128221
127428
127620
128983
130032
114147
114173
113903
114025
114834
114872
118237
118494
120197
120330
115378
115379
112637
112851
112138
112216
111905
111906
114362
114400
114309
114310
114311
112063
112064
114312
114747
118177
118620
121335
121336
121966
122529
124660
124838
126081
126082
125991
125992
126787
127139
127987
128332
128304
128545
127429
127769
130072
130542
113847
113848
113826
113827
113977
114122
115097
115198
118515
118782
120198
120342
120341
120486
115170
115195
115337
115360
112344
112345
111676
111738
111785
111969
113265
113266
114399
114660
114293
114313
114772
114943
117847
118176
121549
121710
122557
122699
124659
124906
124878
125659
125891
125936
126023
126024
125990
126171
127168
127425
128331
128564
128333
128649
126958
126989
127770
127852
130634
131249
113406
113407
113765
113787
113267
113268
114123
115200
115098
115150
118516
118675
120368
120937
120694
120896
115116
115336
112016
112017
112375
112875
110986
111629
111696
111697
113085
113242
114744
114745
113901
113902
117425
117426
121334
121366
122556
122841
124904
124905
126170
126341
127214
127560
127424
127588
128330
128386
128636
128867
128682
129622
126801
126802
127874
128108
113191
113192
113219
113220
113978
114483
115199
115295
118676
118723
120369
120414
120960
121601
120693
120809
120983
121126
115277
115278
111607
111608
112346
112347
110801
110802
110961
111392
112922
112923
113241
113558
114616
114659
113806
113807
116967
116968
121365
121548
122840
122860
125011
125399
127267
127342
127138
127319
127815
127902
128408
128610
128982
129591
126567
126568
127875
128201
113043
113044
113660
113661
114459
114517
115361
115713
118879
119083
120370
120371
120938
121153
121602
121794
121152
121744
114454
114455
111362
111422
112320
112693
110830
111076
110438
110439
110459
110460
112572
112692
113150
113240
114456
114641
113678
114023
116943
117506
116601
116602
121002
121003
121547
121869
122983
123050
124985
125122
125635
125969
127341
127618
128368
128369
128648
128733
129699
129888
127290
127291
128222
128442
112732
112733
113509
113510
115362
115872
118880
119229
119419
119577
121793
121970
114216
114217
112113
112412
110800
110880
110011
110035
110404
110405
112088
112186
112961
113374
114435
114436
114555
114743
114024
114513
116854
117343
116499
116500
116299
116300
120756
120757
121546
122012
123006
123215
124928
124929
125121
126049
126955
126956
127617
128085
128647
128681
129887
129969
127188
127232
128223
128916
128565
128815
112511
112512
112947
112948
113511
113695
115873
115950
118724
118974
119479
119719
122170
122240
111927
111952
109965
109987
110293
111077
112061
112062
112185
112596
113300
113622
114576
114942
114005
114095
114661
114792
116626
116942
117361
117676
120484
120715
120438
120439
122164
122190
123455
123500
125099
125227
126143
126537
127587
127649
128635
128837
129995
130338
127233
127320
127939
127988
128985
130295
128962
129071
112852
112853
113512
113561
116102
116284
122169
122957
122264
122464
111393
111394
111953
112376
109735
109785
110182
110183
111695
111718
112303
112304
112571
112874
113621
113717
114480
114640
113172
113173
114096
114417
116327
116328
117877
117974
120436
120437
122317
122734
123499
123649
125009
125010
126566
127109
127901
127922
128836
129127
129855
129889
130337
130800
128145
128224
129211
129369
116078
116169
116414
116533
122265
122292
110934
110935
111053
111054
109942
109943
110160
110267
111485
111486
111784
112015
111272
111305
112409
112437
114639
114927
112694
112695
112992
113243
114097
114171
116207
116234
120221
121206
122771
122982
123648
124152
124903
124959
127900
128069
128680
129827
129126
129147
130242
130397
130993
131330
129072
130376
129431
129594
116170
116332
116580
118131
122323
122396
111055
111194
109120
109121
109600
109902
110461
110933
111285
111334
111247
111464
111032
111128
112183
112184
114615
114829
115051
115196
112599
112600
114172
114218
116206
116326
120117
120118
122770
122928
124468
124518
127830
127873
128143
128329
128709
128710
129236
129260
131109
131511
129073
129169
130359
131332
116333
116970
108958
108990
109020
109021
109640
109966
110629
110680
110905
110906
110879
110904
111653
111654
114574
114575
112551
112781
114219
114557
116040
116167
119814
120714
119741
119742
126953
126954
127938
127986
128634
128961
128759
129368
129259
129529
131080
131331
131623
132098
129481
129501
130576
131161
116241
116334
116993
117021
108761
108871
107584
107698
108934
108935
109581
109711
110772
110855
110527
110546
110577
110578
111149
111361
114167
114554
112187
112188
112782
112963
114558
114832
116166
117063
119715
120041
120755
121333
126740
126741
127422
127423
129028
129070
129829
129994
131016
131017
131512
131624
129625
129626
131201
131376
116304
116627
116994
117186
108912
109041
107518
107519
108358
108359
108581
108872
109712
110214
110402
110403
110009
110010
109885
109920
110525
110526
110746
111099
114071
114118
112065
112066
112964
113737
116135
116775
117156
117205
119347
119377
120116
121001
121443
121672
126404
126405
127082
127083
129051
129752
129087
129340
129828
129917
130853
130869
131987
132007
129937
130543
117160
117208
107677
107776
108435
108746
109683
109765
110401
110593
109196
109197
109681
109682
110500
110656
110592
111221
114094
114244
111739
111740
111698
111699
116038
116039
117279
117342
119005
119006
119318
119346
120114
120115
121000
121125
126311
126312
126238
126239
128771
128892
129826
129993
130137
130161
130870
131018
131986
132245
132008
132389
129938
130073
117311
117484
107615
107616
108360
108493
109766
109863
110291
110292
108811
109019
108933
109253
109487
109488
110266
110458
113899
113900
111531
111877
115869
115926
115499
115500
117341
117768
118876
118877
119165
119166
120958
120981
121414
121891
128891
129314
130240
130241
130496
130575
130679
130680
132284
132441
131988
132246
117312
117485
107380
107381
107520
107521
108494
108762
110059
110060
108552
108957
108452
108553
109068
109069
109194
109195
110109
110110
110457
110524
113824
114512
111513
111573
115925
116076
115049
115050
118670
118671
118956
118957
120957
121042
121937
121938
121910
122289
129186
129339
130294
130868
130497
131136
130574
131135
132442
132733
131733
131734
132390
132391
106980
106981
107382
107383
108495
108898
108376
108377
109148
109230
108378
108379
108790
108791
109665
109710
109639
109666
110523
111098
113733
113734
111033
111034
115897
115898
116529
116551
114973
115096
118955
119686
118776
118777
121041
121287
122415
122698
129050
129459
130939
131015
131329
131347
131248
131530
132734
132984
132674
132923
132392
132528
106448
106501
106952
106982
107352
107545
108361
108959
108238
108451
107853
107854
109147
109181
108165
108166
108789
109180
109271
109272
107583
107852
110131
110132
113556
113557
110547
110548
110987
111151
115646
115784
114715
114716
118824
119642
121205
121220
129528
129936
131108
131246
131315
131469
131247
131640
132983
133469
132696
133708
106155
106156
106447
106570
107221
107384
108362
108475
107893
107986
107697
107725
107829
107830
108079
108080
108615
108616
108550
108551
107348
107379
110057
110058
113299
113446
110528
110529
110988
110989
115143
115144
115846
116133
114638
114717
118823
118954
119685
119740
121573
121792
129390
129417
130015
130016
131374
131554
131825
132069
131198
131221
131676
131985
132957
133183
133532
133707
105545
105638
106058
106094
108476
108697
107773
107894
107936
107937
108055
108263
108264
108521
108614
106862
106863
112901
112902
110374
110440
110831
110832
114478
114479
115523
115944
116134
116471
114453
114511
118740
118741
118972
119164
120196
120462
121572
121709
129291
129480
130238
130239
131375
131622
131553
131675
131824
132182
131078
131079
132038
132267
133761
133859
105055
105056
105138
105139
106095
106316
108099
108100
108812
108873
107676
107726
107774
107775
108052
108142
108031
108053
108282
108283
108549
108677
106810
107119
112801
112873
109668
109669
110463
110657
110718
111222
114191
114192
114416
114434
115319
115585
116470
116790
114397
114398
118537
118538
120461
120651
129479
129825
130358
130573
131731
132266
131778
131844
132301
132486
133858
134284
105026
105446
104729
104730
106096
106179
108813
109667
107267
107268
107727
108056
107350
107351
108054
108098
108722
109146
107118
107582
112665
112666
112872
113239
110462
111008
109887
109888
111223
111816
113675
113676
114242
114243
114361
114535
115584
115631
116894
117100
114092
114093
118822
119792
118488
118489
129086
129478
129968
130439
130357
130698
131732
131941
132388
132559
132300
132321
133857
134893
104937
105344
104086
104117
104614
104637
106059
106341
108698
108814
107220
107266
106896
106897
107544
107968
107349
107403
107178
107179
108721
108745
112529
112530
112435
112436
110235
110295
109839
109886
109619
109903
111224
111335
111907
112139
113402
113469
113784
113805
115583
115672
116893
116915
117185
117278
113677
113694
113785
113786
118821
118898
118304
118305
128708
128732
129416
129516
130541
130867
130356
130417
132387
132596
132627
132695
132469
132653
133814
133815
104832
104833
105343
105666
103442
103443
104429
104430
106342
106421
108380
108381
107265
107428
106446
106653
107404
107405
106652
106895
107089
107264
112136
112137
111782
111783
109424
109425
110294
110856
109199
109274
109582
109812
109944
110111
111363
112163
112217
112965
113339
113340
113600
113601
115521
115522
115671
116099
116914
117018
117458
117767
113341
113342
113554
113555
119004
119739
118199
118441
128645
128646
128407
128814
130632
131270
130764
131043
132386
132416
132790
132922
132504
132581
105665
106002
103288
103593
103796
103797
104381
104638
106097
106157
106545
106754
106377
106378
106605
106606
106568
106569
107027
107028
111846
111847
111926
111951
110877
110878
110984
110985
110036
110373
111100
111150
108723
108724
109273
109314
109366
109537
111273
111395
112189
112218
113015
113405
112989
112990
113553
113659
115292
115377
116232
116233
117277
117721
117794
117876
113148
113149
119546
119641
128158
128159
130633
130922
131293
131346
130321
130322
131042
131468
132877
133002
132503
132652
132896
133004
102895
102896
103592
103938
103058
103059
103539
103728
105871
105872
106546
106631
106154
106419
106340
106420
106473
106474
106153
106176
111462
111463
110575
110576
110107
110108
110627
110628
109641
109642
108382
108383
108453
108454
109198
109254
109315
109316
109538
109864
110881
110882
111396
111630
112214
112215
112822
112823
113263
113264
116231
117184
117377
117875
117720
118030
117912
117998
112899
112900
120040
120259
127829
128084
127585
127768
131328
131552
130210
130211
130657
130902
131467
131604
132878
133064
133003
133157
102405
102406
103569
103751
102216
102376
102538
102702
103540
103641
105596
105825
106654
106788
106031
106219
106177
106178
105969
105970
106152
106252
111219
111220
109764
109862
110034
110056
109506
109560
109423
109472
107802
107803
109042
109043
109149
109291
111397
111423
111529
111530
112284
112285
112824
113298
113237
113238
116205
116325
117155
117309
118200
118539
112690
112691
120301
120340
127615
127616
127481
127586
131674
131729
130159
130160
129671
129672
130293
130320
133108
133135
102290
102356
103727
104409
102055
102056
103642
104470
105447
105448
105801
105826
106789
107429
105543
105544
105257
105258
105849
105898
105443
105444
105193
105194
110698
110699
109559
110234
109327
109328
107728
107729
108522
108582
111398
111446
110477
110478
111460
111461
112111
112112
112286
112434
113170
113445
117087
117340
117457
117766
118566
118778
112527
112528
127317
127364
126846
126847
127187
127318
131889
132244
131730
131984
103622
103623
101792
101793
103444
103665
105345
105449
105614
105615
105445
105664
104975
104976
105221
105222
105300
105301
105243
105316
110319
110773
108960
108961
108496
108583
111447
111677
110106
110159
111780
111781
113012
113102
113401
113494
116891
116892
117456
117654
117655
117675
127363
127526
126738
126739
126565
126712
131868
132097
132283
132558
131510
131529
103621
104063
101697
101698
101599
101743
103289
103290
104745
104746
105616
106379
105370
105517
104847
104875
104585
104586
105112
105166
108815
108816
108186
108187
108584
108817
111878
111970
109962
109963
112799
112800
113493
113898
116804
117224
127525
127718
126310
126403
126458
126459
131728
131761
132875
132921
103473
103568
101455
101563
101297
101298
101766
101929
103253
103893
104258
104259
104292
104293
105617
105827
105025
105111
105770
106315
104290
104291
103922
103923
105167
105302
108310
108311
107916
107917
108842
109292
109860
109861
109558
109663
112715
112754
113897
114048
116683
116684
127792
127828
126402
126457
131672
131673
132876
133022
132982
133254
102969
102970
103567
103640
101385
101519
100907
101003
100835
100836
101767
102116
103218
103219
104217
104257
104242
104382
105713
106655
104612
104613
106400
106500
104289
104527
103619
103620
105317
105637
107546
107585
107777
108032
108792
109044
109453
109454
109664
109964
112688
112689
112753
112871
113804
113948
116578
116705
116015
116016
127767
128441
125706
125707
126340
126456
131671
131867
132732
132744
133396
133419
102809
102996
101319
101320
100278
100279
101768
102266
103158
103254
103894
103895
105639
105714
106836
106864
104407
104408
106523
106811
104215
104216
106900
107120
107385
107430
109150
109165
112282
112283
112686
112687
113642
113643
114070
114146
116577
117038
115823
115824
115971
116017
127717
128580
128644
128960
125556
125658
126292
126522
131923
132385
133418
133812
102536
102537
101223
101224
99901
99902
100077
100106
101375
101678
102267
102377
103255
103445
103707
103729
105873
106032
106879
107011
106878
106898
104359
104380
104006
104288
103936
103937
106677
106899
106755
106756
107431
107466
109151
109426
112251
112252
112569
112570
113578
113579
116098
116528
115193
115194
127688
127689
126237
126372
131922
132068
132415
132673
133811
134011
102403
102404
101080
101081
99875
99970
99971
99972
101167
101480
102357
102433
103311
103312
105874
105971
104084
104085
104611
105054
103499
103500
106220
106221
107222
107223
109100
109200
109489
109583
112233
112234
111674
111675
112475
112491
116527
116818
114940
114941
127672
127985
126168
126169
132067
132221
132694
132815
101863
101864
101079
101194
100833
100834
99781
99782
99973
99974
102897
102898
103220
103446
104938
104939
105972
106547
103972
104526
104874
105024
103376
103517
103216
103217
106060
106061
107138
107139
107140
107141
108585
108586
109713
109889
111496
111528
115782
115783
116817
117308
114451
114452
114925
114926
127671
127814
128107
128328
126022
126167
125788
125789
101624
101625
101742
102011
99510
99535
99662
99663
102489
102490
102899
102923
103447
103541
104848
104876
105913
106098
103776
103777
104525
104674
105494
105824
105165
105800
103330
103331
103093
103094
105974
106004
107050
107051
108337
108338
109840
110113
111245
111246
115276
115291
116727
116728
117424
117617
127791
127813
128406
128501
125421
125422
125517
125518
101317
101318
101626
101627
99302
99303
99481
99482
99554
99717
102105
102106
102162
102291
103291
103292
106158
106253
103566
103706
105938
106093
102832
102833
106003
106099
107029
107180
108284
108436
109865
110012
110112
110184
111126
111127
115220
115221
115168
115169
116281
116324
117423
117957
127790
128008
128678
128679
124739
124740
125078
125079
125373
125374
100591
100592
101479
101562
99055
99242
99243
99244
99876
99942
101908
101909
101814
101815
106159
106254
103440
103441
103705
103726
102264
102265
105914
105973
107030
107224
108384
108385
110061
110082
111052
111445
116280
116323
117376
118029
127647
127648
128068
128200
128915
128934
124590
124658
124876
124877
101356
101357
98996
98997
99270
99577
98583
98584
98679
98680
100023
100321
100183
100212
101588
101600
105899
106401
106449
106502
103250
103251
103252
102137
102242
102010
102187
106953
107012
110133
110215
110716
110717
116096
116097
116377
116666
117375
117616
127167
127231
125988
125989
128303
128707
128914
129084
129069
129125
124390
124391
124635
124722
124723
124724
101105
101106
98970
99108
98750
98751
98030
98059
98543
98826
100369
100504
100350
100673
101358
101359
103057
103189
102921
102922
102037
102038
102215
102402
101906
101907
106711
106712
110134
110353
110545
110609
115358
115359
116376
116441
117615
117911
126890
126891
127288
127687
125889
125890
129085
129290
124389
124416
124565
124721
124267
124268
101046
101131
98891
98947
98601
98602
97752
97753
98325
98446
99022
100370
100798
100874
101225
101299
102848
102849
102035
102036
101861
101862
106121
106122
106422
106423
110530
110700
110498
110499
110697
111007
116440
116648
118440
118483
126844
126845
125397
125398
129289
129458
124265
124266
124466
124467
124150
124151
123918
123919
100618
100649
98946
98969
98525
98526
97604
97605
98243
98302
100821
101107
102831
103028
102793
102794
101983
102104
101904
101905
101477
101478
105667
105668
106424
106571
110857
111101
110318
110437
111031
111165
116439
116526
118536
118577
126800
127015
125147
125148
124823
124824
129590
129644
123840
123841
123476
123477
123619
123620
123718
123719
100105
100143
98968
99269
98221
98222
97387
97443
98060
98061
98544
98850
102240
102241
103027
103138
102487
102488
101250
101251
105318
105319
105450
105451
106343
106450
110858
111102
111274
111424
110007
110008
116525
116647
118669
118801
126952
127061
123320
123377
123404
123405
100021
100022
100048
100049
98797
98849
98057
98058
97218
97219
97911
97912
99109
99483
103137
103215
102033
102034
101103
101104
104834
104835
104918
105276
105277
105618
105619
106524
106632
110479
110658
111609
111631
109985
109986
116524
116665
116774
117455
118722
118775
125120
125146
127014
127108
123162
123163
123143
123164
99828
99829
98868
98945
97727
97728
97204
97205
97729
97754
99664
99718
103249
103591
101859
101860
100796
100797
100696
100697
104260
104312
104877
104878
105392
105393
106475
106983
110236
110237
110659
111879
111610
111817
116497
116498
116664
116773
117339
117454
118235
119109
119187
124983
124984
126455
126618
127186
127523
123005
123028
122838
122839
99716
99827
98719
98720
97403
97404
97009
97010
97422
97423
102967
102968
103618
103892
101273
101274
100672
100832
99841
99842
103095
103096
104064
104087
104675
104676
105320
105321
106222
106317
106984
107240
109584
109585
110630
111129
111971
112018
116321
116322
116646
117099
119227
119317
124212
124213
126270
126672
127213
127559
127524
128142
123027
123117
99602
99603
99874
99969
97329
97330
97202
97203
96957
96958
97363
97966
103565
103684
103955
104287
101149
101150
100210
100211
100820
100966
99424
99425
103666
103667
104431
104432
105027
105028
107304
107522
109275
109276
110549
110550
111166
111762
112048
112067
119226
119264
124014
124093
124015
124016
126047
126048
126563
126564
127212
127827
128141
128264
122819
122837
99479
99480
99319
99320
97244
97386
96748
97172
97245
97278
97995
98380
103683
103775
100987
100988
99534
99601
99477
99478
100795
101102
101166
101249
99265
99266
99300
99301
103973
103974
104118
104119
104813
104814
107031
107498
110420
110421
111786
112089
119440
119661
123700
123701
123475
123528
125723
125724
126401
126521
127081
127421
128044
128045
128609
128695
122554
122555
122769
122836
99267
99268
96629
96725
97096
97097
97279
97465
103795
104141
99403
99404
100502
100503
100851
101374
101425
99240
99241
103924
103925
104065
103896
103897
104747
104748
104704
104836
106525
106526
107730
108265
110216
110354
111741
112090
119596
119738
119791
122950
122951
125633
125634
126454
126562
126935
127362
127420
127742
128043
128067
128813
128835
121670
121671
122621
122768
98995
99054
96472
96473
96696
96697
96833
96834
103794
104673
100349
100501
99107
99211
103752
103753
103118
103139
103448
103449
104218
104219
104471
104472
105597
105598
107731
108266
109945
109946
110375
110464
111700
111742
112235
112321
120194
120258
119886
120195
122459
122460
125225
125226
126561
127166
121594
121595
98889
98890
96295
96503
95905
95906
96424
96425
96273
96274
96835
96863
104553
104554
100181
100182
99078
99079
103474
103475
103029
103030
104030
104031
104447
104766
107432
107433
108411
108524
109507
109508
110320
110376
111743
112114
120366
120390
122443
122506
121640
121641
125192
125493
126479
126480
127165
127385
121123
121124
96175
96176
96571
96543
96695
95805
95806
95502
95503
96426
96427
96836
97622
100104
100123
98676
98677
103221
103222
103256
102944
102945
102850
102900
103856
103857
104333
104555
107406
107467
108497
109070
108523
108699
110377
110833
111532
111574
112140
112552
120688
120689
120531
120592
122368
122414
125038
125119
125967
125968
120858
121219
96149
96319
95998
95999
95678
95679
95473
95474
96864
96865
97695
97730
98523
98524
98656
98678
103450
103451
104162
104163
107353
107523
108498
109022
110355
110907
120837
121545
124874
124875
95972
95973
95619
95651
96959
97424
96910
97388
103140
103141
106503
106527
107524
107987
108477
108617
110135
110610
120836
121218
124837
124927
124516
124517
95948
95949
95160
95161
95620
95746
103060
103061
105975
105976
107269
107270
108618
108843
110083
110084
124317
124318
124981
124982
124414
124415
124319
124320
95119
95120
107181
107200
108844
109201
110085
110238
124980
125257
123887
123888
123952
124295
95066
95067
106572
106573
107201
108033
108619
108874
109202
109539
110013
110086
123717
123870
123570
123571
123402
123403
105640
105771
107142
107305
109988
110037
123142
123177
122487
122488
123235
123236
105322
105323
105772
106223
107306
107354
123003
123004
123277
123278
122366
122367
107355
107547
122732
122733
122188
122189
107271
107468
122731
122949
122138
122162
107241
107307
122641
122642
121991
121992
122163
122288
107308
107678
121935
121936
122552
122553
