27524
26846
26847
27536
26760
26903
27523
27564
26696
26697
26902
26913
27506
27507
27537
27566
26584
26585
26780
26807
26948
26975
27468
27469
26989
27011
26573
26574
27565
27588
26340
26398
26474
26475
26752
26753
26806
26818
26981
27033
27453
27502
27198
27217
26776
26824
27567
27591
26299
26625
26279
26280
26594
26639
26992
27010
27594
27602
27239
27240
27590
27630
26296
26297
26170
26171
26271
26288
26991
27020
27626
27693
27238
27333
27589
27679
27592
27741
26194
26270
26102
26138
26263
26336
27019
27032
27658
27673
27209
27237
27407
27421
27740
27872
27382
27422
27629
27745
26183
26184
26278
26417
26235
26236
27031
27072
27406
27446
27739
27834
27342
27343
27742
27805
26115
26116
25929
25930
26277
26339
26418
26427
27030
27054
27404
27405
27767
27792
27906
27924
27267
27277
27651
27652
27838
26062
26063
25923
26010
26330
26331
26450
26456
27053
27065
27432
27439
27762
27830
27933
28005
27187
27188
27870
27891
26031
26032
25905
25906
26011
26109
26326
26431
26455
26572
27071
27155
27443
27547
27754
27837
28015
28073
27135
27136
27934
27993
25985
26038
25702
25703
25845
25944
26324
26325
26438
26479
26454
26494
27050
27105
27157
27216
27546
27617
27782
27896
26953
26954
27000
27026
27940
27962
27992
28035
25971
25972
26056
26075
25650
25667
25803
25804
26318
26319
26261
26262
26436
26437
26480
26593
26598
26624
27015
27016
27104
27186
27172
27229
26960
26961
25948
25949
25635
25717
26074
26114
25668
25676
25778
25931
26317
26381
26614
26623
26631
26645
26996
26997
27197
27291
27228
27303
26955
26956
26870
26885
25903
25904
25557
25558
25637
25733
25704
25705
25771
26308
26448
26659
26666
26660
26683
27310
27314
26819
26841
26808
26809
26728
26731
26886
26887
25900
26029
25420
25421
25523
25524
25628
25638
25660
25695
25793
25846
26682
26758
26691
26701
26812
26813
26714
26715
26684
26685
26888
26929
25875
25970
25450
25475
26695
26759
26757
26829
26723
26796
26673
26680
26579
26615
26508
26509
26636
26637
25776
25777
25969
26047
25412
25413
26837
26878
26565
26586
25701
25770
25632
25633
25956
25957
25277
25286
25290
25291
26838
26859
26867
26944
26519
26520
25587
25649
25814
25820
25537
25538
25292
25393
26943
26974
26485
26507
25566
25574
25874
25899
25441
25513
25236
25250
26461
26462
25573
25613
25922
26016
25396
25397
26419
26420
25536
25556
25659
25694
25921
25928
26017
26089
25372
25373
25253
25254
26364
26365
26406
26407
25555
25627
25681
25873
25700
25732
25927
25935
26100
26150
25363
25436
25145
25146
25205
25206
26350
26403
26358
26359
25626
25648
25699
25762
25961
26026
26101
26160
26213
26251
25167
25200
25091
25092
25112
25150
26320
26321
26264
26265
25698
25798
25996
26159
26286
26388
25095
25173
25060
25061
26237
26238
25675
25750
25810
25811
25986
26028
26164
26234
26287
26412
26435
25006
25007
25195
25403
24951
24952
24933
24934
26195
26196
25665
25666
25754
25835
25920
25968
26046
26088
26244
26285
26442
26492
24850
24851
25165
25166
25428
25446
24916
24965
25586
25592
25588
25589
25843
25884
26099
26108
26493
26549
24733
24734
25143
25144
25133
25134
24912
24913
25503
25508
25885
25939
26107
26113
26131
26134
26564
26578
24672
24716
24618
24702
25153
25345
24780
24781
24892
24928
25960
25999
26083
26084
26571
26635
26583
26618
24494
24500
24706
24763
24609
24610
25152
25184
25344
25409
24883
24884
24929
24992
26570
26582
24693
24694
24762
24787
24555
24748
25149
25194
25183
25334
25408
25449
24872
24873
24993
24999
24701
24747
24534
24535
24844
24882
24434
24507
25110
25111
25339
25366
24700
24729
24463
24472
24926
24927
24898
24945
24381
24394
24537
24613
25326
25333
24728
24818
24440
24443
24897
24911
24376
24401
24536
24603
24727
24746
24267
24288
24433
24460
24925
24979
24363
24364
24402
24413
24612
24635
24745
24761
24236
24241
24459
24469
24296
24297
24351
24352
24426
24427
24611
24619
24793
24822
24180
24181
24468
24506
24190
24191
24254
24353
24354
24792
24812
24827
24896
24172
24200
24467
24487
24139
24140
24025
24164
24278
24370
24298
24299
24300
24811
24817
24835
24964
24023
24024
24231
24277
24127
24362
24036
24037
24100
24109
24268
24269
24648
24656
24821
24849
24012
24039
23976
23984
24276
24292
23979
23980
23837
23858
24114
24148
24026
24027
24255
24256
24586
24587
24545
24564
24820
24834
24042
24079
23892
23915
24321
24341
23959
24002
23759
23779
24113
24123
23877
23878
24532
24533
24565
24581
24858
25067
23868
23872
24320
24361
23934
23944
23739
23740
23863
23920
24122
24135
24862
24905
25109
25182
23848
23849
23847
23950
24303
24319
23943
24018
23643
23644
23492
23548
24134
24141
24861
24871
24924
24998
23767
23768
23777
23778
23841
23871
23958
23983
24322
24347
23836
23916
23617
23618
23251
23252
23544
23569
24133
24165
24833
24878
24923
24963
25035
25078
23703
23704
23870
23907
23957
23989
23785
23786
23908
23978
23642
23665
23469
23499
23210
23211
23181
23182
23474
23535
24743
24797
25139
25164
23664
23702
23567
23568
23899
23906
24021
24072
23631
23632
23977
24005
23624
23625
23734
23799
23421
23430
23059
23062
23148
23149
23183
23203
23534
23573
25227
25422
25163
25217
23603
23628
23503
23519
23914
23930
24035
24112
23623
23629
23563
23654
23824
23830
23805
23825
23360
23361
23429
23445
23184
23185
25240
25343
25216
25220
23663
23668
23507
23508
23905
23929
24034
24045
23611
23612
23520
23521
23596
23597
23088
23089
23186
23240
25355
25361
25235
25268
23662
23716
23399
23400
24055
24099
23571
23572
23347
23348
23504
23564
23464
23465
23022
23023
23041
23042
23212
23271
25362
25497
25234
25239
23684
23733
23375
23473
24052
24151
24153
24199
23302
23320
23231
23232
23426
23443
23170
23171
22983
22996
22997
22998
23213
23294
23365
23403
23308
23309
24051
24054
24215
24227
23154
23155
23321
23322
23444
23554
22968
22969
22914
22915
22769
22791
23194
23266
23436
23526
23466
23475
23613
23639
23301
23315
24060
24087
24253
24331
23127
23135
23239
23277
22930
22937
22855
22856
22734
22754
23130
23131
23328
23396
23583
23584
23685
23711
23219
23230
24091
24235
24252
24295
22927
22928
23094
23095
23128
23129
22936
22943
22833
22834
22603
22604
23121
23150
23582
23676
23604
23633
23712
23752
23146
23147
23229
23346
24086
24105
24247
24286
24346
24393
22682
22810
23070
23071
22865
22866
22960
22961
22918
22929
22637
22660
22549
22570
23043
23044
23151
23156
23753
23795
23086
23087
23228
23265
23386
23420
24104
24138
24285
24327
24345
24358
22641
22653
23067
23068
22704
22790
22775
22776
22705
22706
22516
22521
22492
22493
22984
22985
23796
23810
23167
23168
24225
24226
24412
24457
22654
22719
22981
22982
22618
22633
22568
22569
22619
22640
22702
22777
22695
22696
22512
22537
22418
22419
22467
22474
23864
24019
23120
23165
22773
22774
24214
24220
24411
24591
24458
24493
22625
22626
22979
22980
22488
22511
22326
22327
22532
22533
22642
22728
22598
22599
22502
22503
22334
22335
22475
22538
23865
23900
23164
23169
22753
22789
22762
22864
24380
24425
24608
24644
24574
24602
22332
22429
22257
22258
22181
22182
22438
22439
22234
22235
22309
22310
22379
22380
23901
23940
24028
23193
23227
22685
22686
22788
22832
22597
22613
24580
24590
22267
22302
22225
22226
22179
22180
22070
22071
22149
22200
22342
22343
22398
22435
22227
22263
22294
22295
22154
22184
22364
22365
23806
23807
23951
24088
24013
24110
23192
23270
22498
22499
22519
22520
22782
22816
22614
22689
22015
22016
22252
22253
22363
22378
22201
22207
22049
22050
22351
22352
23800
23819
24159
24272
23999
24061
24124
24273
23300
23307
22272
22273
22314
22315
22815
23048
22515
22525
22690
22817
22008
22009
22242
22243
22080
22105
22206
22244
21964
21970
22288
22289
24158
24173
24279
24359
23935
24014
24274
24348
23299
23314
22214
22215
22256
22277
22814
22959
22500
22501
22823
22850
21854
21855
22056
22057
22146
22204
21947
21948
22147
22268
22217
22218
24167
24192
24287
24314
23850
23851
24020
24040
23327
23543
22188
22189
22077
22078
22216
22265
22802
22803
23005
23085
22482
22547
22824
22889
21814
21840
22038
22093
21929
21930
22059
22060
22316
22345
22170
22171
24332
24465
23838
23842
24068
24182
23326
23385
22103
22132
21894
21895
21811
21812
22006
22007
22198
22199
22752
22907
22577
22578
23084
23105
22548
22594
22890
22941
21770
21771
21865
21866
22048
22087
21986
21987
22344
22473
22116
22117
24365
24373
24501
24508
23761
23762
24183
24270
23395
23415
21998
22086
21587
21588
21890
21891
22134
22135
22161
22162
22745
22746
22913
22917
22496
22497
23126
23198
22942
23000
21762
21800
21756
21757
21802
21803
22025
22133
22333
22354
24382
24414
24641
24759
24489
24495
23669
23670
23468
23487
21992
21993
22085
22102
21868
21874
22136
22137
22231
22266
22736
22737
22935
22973
22434
22451
23217
23218
22993
22994
21686
21693
21769
21813
21671
21672
21733
21734
21778
21807
21710
21711
22021
22022
22183
22205
24764
24772
24488
24548
24557
24624
23605
23606
23502
23525
21888
21889
21915
21916
22131
22160
21720
21721
22019
22020
22232
22323
22717
22718
23012
23016
22472
22531
23216
23226
22804
22805
22967
22995
21561
21562
21748
21768
21633
21634
21543
21544
21687
21723
21985
22079
24703
24879
24803
24819
24583
24636
23591
23592
21887
22018
21729
21730
21719
21731
22159
22230
21625
21626
21977
21978
22167
22168
22684
22701
23011
23035
22466
22576
23250
23339
22687
22688
22925
22926
23017
23036
21528
21531
21707
21766
21512
21513
21635
21642
21935
21946
24513
24549
24828
24836
24582
24658
24707
24730
23454
23522
23655
23735
21975
21976
22014
21717
21718
21732
21742
22251
22282
21969
21982
22169
22190
22727
22795
22958
22978
23079
23080
22427
22428
22510
22542
23345
23394
22674
22675
21486
21491
21692
21765
21497
21498
21098
21099
21563
21564
21553
21554
21834
21835
21955
21959
24559
24837
24900
25008
24556
24588
24770
24807
23446
23447
23769
24049
22013
22115
21673
21674
21578
21579
21906
21907
22104
22109
22726
22768
22977
22992
23078
23091
22403
22404
22530
22562
23344
23359
23414
23463
21477
21478
21539
21614
21391
21392
21083
21156
21549
21583
21532
21604
21378
21425
21825
21826
24845
24947
24899
24959
25026
25086
23295
23303
23770
23902
21981
22012
22130
22153
21602
21603
21559
21560
21896
21897
22110
22125
22458
22459
21410
21422
21485
21504
21312
21313
21065
21066
21096
21097
21476
21505
21358
21359
21424
21461
21822
21882
21749
21750
24838
24914
25009
25045
24824
24825
25001
25119
25096
25229
23283
23284
23763
23764
23968
23981
22011
22037
22129
22271
21623
21651
21495
21496
21289
21290
21898
21917
21404
21406
21503
21613
20870
20903
20953
20958
21314
21315
21784
21819
24794
24953
25074
25135
25000
25036
23278
23279
23241
23242
23742
23743
23749
23843
24015
24029
21952
21953
22127
22128
21434
21435
21908
21918
21474
21475
20891
20934
21182
21183
21265
21279
21708
21709
24717
24718
24954
25018
25100
25127
24946
24966
23233
23258
23172
23173
23448
23527
23729
23730
23844
23873
21885
21886
21408
21484
21375
21376
21919
21954
21449
21471
21181
21227
21067
21068
21694
21695
24695
24749
25087
25174
25154
25155
23178
23287
23422
23423
23528
23598
23931
23945
21338
21339
21329
21330
21134
21152
21851
21852
21430
21436
21017
21018
21236
21249
20862
20878
21629
21641
24546
24566
24750
24788
25218
25241
23107
23108
23387
23388
23509
23510
21311
21321
21225
21226
21104
21105
21153
21178
21389
21390
21460
21538
21004
21005
21253
21377
21248
21332
20837
20858
21499
21500
24517
24526
24685
24708
24889
24960
25270
25278
25279
25322
23106
23137
22986
22987
23329
23330
23511
23555
21276
21277
21320
21490
21053
21054
21192
21193
21388
21409
21003
21148
21331
21423
20814
20815
20916
20917
21492
21493
24481
24482
24589
24696
24893
25019
25269
25301
25394
25455
23024
23027
23204
23248
23626
23705
21246
21247
21489
21527
20782
20783
20923
20924
21347
21348
20960
20961
21147
21179
21325
21336
20795
20796
24509
24510
24697
24735
24906
24930
25041
25068
25320
25356
22931
22932
23272
23366
23627
23645
21235
21283
21203
21204
20696
20697
20855
20856
21324
21396
21154
21155
20959
20975
20739
20740
24473
24474
24649
24650
24907
24994
25124
25323
25319
25386
25387
25423
22778
22779
23253
23254
23288
23404
23437
23677
23686
21282
21353
21126
21127
21033
21034
20611
20612
20761
20762
20744
20784
21278
21292
21403
21416
21113
21114
20974
20999
20684
20729
20685
20686
24428
24444
24405
24406
24651
24798
24908
25185
25327
25348
25405
25414
25515
25516
22738
22755
22670
22676
23234
23235
23289
23296
23416
23479
23754
23893
21082
21146
21058
21059
20478
20479
20785
20835
21291
21303
21085
21086
21106
21107
20657
20658
24342
24343
24765
24766
24917
24948
25211
25245
25404
25417
22707
22708
23141
23142
23072
23073
23417
23455
23755
23820
20971
21095
20978
20979
21055
21056
20579
20593
20413
20471
24280
24281
24642
24657
24919
25002
25381
25382
25438
25514
22650
22651
23032
23037
23063
23118
23367
23368
23536
23545
23731
23732
23839
23909
20881
20882
20980
20981
20592
20629
20369
20370
20472
20538
24201
24202
24216
24232
24659
24719
25003
25020
25437
25476
22522
22523
22919
22962
23006
23007
23350
23362
23574
23587
23840
23874
23941
23946
20877
20970
20833
20834
20972
20973
20544
20545
20718
20768
20539
20653
24118
24119
24542
24660
24720
24885
25046
25075
25429
25443
22381
22382
22944
23031
22811
22812
23363
23376
23575
23588
23879
23894
20846
20887
20734
20735
20736
20737
20492
20509
20519
20520
20738
20786
20527
20552
20705
20709
24120
24184
24470
24471
24395
24597
25125
25156
25346
25347
23030
23109
22763
22764
23607
23608
20810
20869
20694
20695
20650
20651
20267
20268
20537
20543
20435
20441
20820
20836
20546
20571
20706
20780
24367
24368
24598
24625
25136
25147
23029
23065
22678
22679
22756
22757
23640
23687
23609
23646
20798
20809
20549
20550
20636
20637
20508
20518
20238
20239
20407
20408
20826
20915
20640
20646
24289
24323
24324
24333
24511
24575
24754
24755
25128
25186
25280
25293
23018
23028
22584
22585
22765
22783
20692
20693
20340
20341
20619
20665
20542
20645
20201
20202
24185
24193
24257
24258
24502
24643
24614
24639
24852
24863
25187
25251
25398
25430
22938
22970
22526
22605
22513
22517
22766
22857
20570
20691
20324
20376
20466
20481
20666
20704
20130
20131
24203
24204
24449
24550
24666
24799
24886
24931
25255
25349
22891
22892
22506
22583
22440
22441
22858
22872
20476
20477
20678
20679
20266
20330
20480
20628
20007
20008
24128
24129
24177
24217
24435
24496
24800
24864
24955
25010
25350
25418
22386
22387
22582
22589
22399
22400
22359
22367
22873
23038
20390
20391
20664
20779
20212
20213
20331
20347
20434
20526
20703
20752
19930
19931
19975
24205
24206
24422
24423
24518
24721
25027
25137
25011
25047
25324
25336
25425
25442
22366
22449
22620
22721
22303
22311
22293
22318
22368
22680
22851
22882
20246
20259
20333
20334
20644
20671
20076
20077
20360
20361
20536
20652
19913
19914
24130
24149
24336
24337
24366
24420
24551
24567
24731
24847
25069
25101
25316
25367
25424
25491
25460
25492
22317
22347
22627
22677
22720
22729
22111
22156
22324
22325
22874
22884
20074
20075
20229
20230
20670
20733
20011
20012
20292
20680
20283
20284
19878
19879
24089
24090
24150
24174
24325
24334
24568
24673
24846
24894
25168
25188
25568
25618
25461
25473
25496
25610
22346
22355
22067
22072
22163
22233
22245
22246
22236
22388
22885
22951
19971
19972
19973
19988
20618
20713
20013
20027
20223
20231
20683
20727
20098
20099
24069
24070
24248
24262
24415
24416
24560
24561
24686
24773
24909
24910
25178
25222
25559
25578
25474
25504
25619
25691
21943
21944
22010
22027
22389
22563
19829
19830
19859
19860
20499
20500
20028
20161
20204
20278
20039
20040
24092
24093
24237
24242
24709
24774
24932
25012
25577
25662
25505
25543
25718
25729
21867
21912
22026
22094
22304
22328
19686
19687
19794
19816
20405
20446
20162
20206
20277
20348
24073
24074
23882
23883
24168
24169
24710
24839
25021
25097
25567
25595
25726
25764
25727
25728
21863
21864
21911
22082
22151
22152
22390
22543
19576
19577
19754
19755
20388
20389
20207
20302
20237
20308
23963
23965
23821
23845
23985
23990
24175
24249
24674
24687
24869
24880
25113
25202
25603
25690
25745
25795
25836
25847
25832
25867
21758
21759
21909
22061
22081
22150
21979
21995
22391
22454
22643
22644
19426
19427
19475
19476
19666
19667
20346
20450
20300
20440
20216
20217
20307
20399
23961
23962
23787
23788
23924
23925
24154
24155
24293
24371
24704
24789
24868
24972
25201
25242
25602
25661
25821
25889
25886
25997
25833
26001
25866
25943
21827
21871
22155
22222
21931
21999
21989
21994
22356
22460
22655
22671
22661
22730
19279
19280
19448
19449
19654
19675
19616
19630
20282
20315
20490
20541
20183
20184
20491
20511
23960
24043
23619
23620
23771
23772
24131
24243
24441
24448
24645
24646
24840
24860
24859
24935
24980
25115
25252
25272
25636
25669
25945
25962
25812
25837
26022
26136
25858
25915
25946
25952
21787
21788
21870
21965
22051
22172
21988
22028
22357
22461
19254
19255
19264
19265
19591
19592
19639
19702
20195
20196
20314
20318
20498
20635
20200
20215
20585
20698
20551
20714
23917
23942
23576
23577
23480
23481
24080
24081
24335
24349
24450
24464
24640
24679
24981
25098
25114
25196
25271
25321
25590
25609
25784
25788
26033
26040
25785
25916
26023
26153
26152
26233
25963
26000
21675
21676
22173
22247
21899
21921
19406
19407
19620
19688
20181
20182
20375
20439
20222
20247
23880
23881
23537
23538
23476
23539
24046
24094
24418
24419
24680
24751
24982
25013
25140
25157
25237
25337
25517
25518
25608
25639
25794
25826
26076
26135
25765
25766
26006
26024
26151
26240
26342
26351
21619
21786
22083
22106
21779
21828
19362
19363
19477
19478
19691
19743
20107
20108
20120
20121
20445
20548
20276
20433
23856
23903
23424
23425
23351
23369
23540
23578
23801
23802
24062
24063
24417
24514
24681
24698
25004
25022
25246
25310
25494
25495
25652
25707
25825
25907
26077
26190
26162
26225
25738
25755
26064
26085
26239
26301
26368
26369
21576
21577
21785
21858
21966
21980
22107
22250
21772
21773
19256
19257
19479
19545
19692
19696
20054
20055
20109
20150
20444
20584
20432
20517
23273
23274
23310
23311
23719
23720
23991
23992
24095
24115
24527
24543
24722
24813
24983
25014
25328
25329
25651
25706
25942
26019
26050
26090
26185
26197
26245
26341
25722
25739
26065
26091
26198
26199
26300
26332
26422
26463
21522
21523
21399
21400
21869
21971
21922
21932
22088
22118
21679
21688
21680
21681
19223
19224
19246
19247
19662
19668
19997
20005
20151
20191
20443
20454
20406
20672
23259
23260
23275
23276
23678
23688
23671
23672
23947
23948
23982
23986
24144
24244
24723
24736
24823
24915
25048
25062
25410
25439
25330
25338
25941
25978
26208
26266
26137
26166
26390
26391
26467
26510
21519
21529
21790
21791
22119
22174
21643
21678
19159
19160
19669
19756
19965
19970
20429
20430
20489
20617
23220
23221
23092
23093
23267
23297
23648
23649
23512
23513
23656
23673
23884
23885
23886
23887
24186
24263
24752
24775
25063
25083
25419
25462
25444
25531
25940
25951
26207
26214
26139
26143
26165
26181
26389
26404
26524
26532
21450
21462
21724
21763
21652
21682
22068
22138
21581
21582
21677
21700
19145
19158
19027
19028
19795
19820
19987
20044
20428
20438
20507
20603
23157
23158
23243
23244
23456
23457
23493
23494
23888
24009
24187
24301
24350
24355
24737
24767
24984
24995
25175
25258
25431
25477
25950
26039
26217
26272
26140
26167
26241
26273
26421
26449
26646
26681
21445
21482
21666
21722
21667
21689
22017
22039
22219
22237
21487
21520
21515
21540
21699
21761
18900
18901
19868
19897
19937
20010
20386
20387
20437
20485
23236
23261
23370
23371
23895
24022
24302
24344
24356
24383
24768
24874
25176
25189
25500
25604
25914
25932
26179
26180
26168
26177
26305
26328
26536
26540
26654
26686
26702
26742
21369
21370
21501
21546
21605
21606
21960
22000
22278
22362
21380
21381
21760
21789
19684
19685
20004
20026
20426
20427
20516
20591
23896
23952
24357
24407
24429
24569
24756
24757
25171
25221
25525
25579
25620
25779
26306
26414
26327
26399
26550
26632
26814
26936
21333
21379
21305
21306
21580
21589
21366
21401
21508
21509
21875
21876
22001
22029
22430
22560
21337
21341
19643
19741
19575
19660
20025
20053
20396
20397
20515
20535
23822
23831
23953
24050
24436
24475
25120
25121
25519
25723
25611
25734
25670
25827
25780
25815
26302
26423
26408
26443
26674
26706
26821
26825
21238
21239
21514
21545
21184
21185
21615
21665
21144
21219
21342
21367
21483
21510
21820
21837
21983
22002
22564
22608
22609
22656
21340
21411
19607
19613
19560
19561
19661
19742
19936
19948
20381
20465
20534
20547
23811
23812
23949
24044
25479
25499
25740
25808
25751
25752
25822
25838
26267
26303
26413
26501
26521
26599
26724
26733
21198
21254
21088
21108
21624
21836
21091
21101
21174
21175
21307
21316
21792
21793
22003
22030
22672
22735
22663
22712
21266
21284
19599
19642
19214
19215
19653
19690
19935
19954
20411
20412
20532
20533
23789
23790
23852
23853
25498
25560
25818
25859
25735
25789
25879
25887
26621
26626
26732
26797
21172
21173
21304
21407
21072
21167
21020
21090
21092
21288
21996
22164
22683
22758
21255
21262
19543
19544
19191
19192
19193
19194
19647
19768
19827
19828
19986
20065
20531
20565
23599
23600
23813
23823
23780
24010
25805
25817
25868
25979
25682
25683
25973
25974
26655
26692
26627
26670
21165
21166
21061
21084
20892
20893
20928
20929
21109
21143
20963
20997
21990
22097
22194
22238
22784
22806
19447
19474
19520
19521
19152
19153
19614
19615
19777
19786
19985
20009
20514
20525
23482
23483
23721
23817
24071
24145
25829
25878
25987
26020
25621
25708
25988
26052
25989
26078
26734
26761
21136
21237
21000
21001
21006
21007
20747
20827
21100
21137
20998
21037
21961
22004
22274
22370
22859
22883
19473
19519
19388
19389
19116
19117
18911
18997
19800
19877
20023
20024
20524
20583
23431
23458
23689
23690
23833
23846
25605
25622
25741
25799
26067
26226
26086
26092
26743
26894
21087
21135
20954
20955
21008
21009
20654
20687
20774
20847
21026
21027
21149
21205
20935
21038
21936
21937
22043
22084
22283
22406
22405
22468
19318
19319
19589
19590
19306
19307
18905
18906
18655
18814
20052
20136
23392
23393
23832
23859
23910
23936
25569
25570
25823
25839
26066
26161
26754
26839
21035
21049
20945
20946
20604
20627
20648
20649
21019
21089
21208
21228
20907
20908
21073
21256
21859
21860
22044
22096
22284
22329
22411
22539
22494
22507
19588
19665
18822
18882
18783
18784
18608
18609
20051
20097
23352
23382
23372
23373
23797
23798
23937
23993
25544
25545
25869
25880
26051
26132
26860
26941
21060
21069
20620
20630
20494
20495
20594
20605
20962
20983
20775
20821
21267
21349
21743
21744
21845
21856
22112
22139
22330
22374
19533
19534
19683
19776
18729
18730
18491
18492
18572
18573
23353
23389
23560
23561
23713
23750
25509
25510
25456
25457
25901
25958
26861
26923
26945
26949
20393
20394
20606
20607
20811
20812
20982
21071
20699
20707
20863
20947
21209
21210
21354
21412
21774
21775
22113
22195
22431
22586
18678
18679
18528
18539
23331
23332
23449
23450
23650
23651
25415
25464
25911
26013
26014
26146
26842
26862
26995
27040
20285
20286
20573
20574
20757
20758
21070
21115
20660
20719
20621
20622
20948
21062
21334
21454
21751
21764
22191
22223
22483
22550
18574
18741
23304
23305
23523
23546
25388
25389
25465
25501
26012
26128
26015
26030
26248
26259
20218
20219
20746
20781
20674
20675
21036
21075
20595
20764
20936
20984
21308
21317
21511
21533
21644
21645
21780
21841
22185
22202
22489
22534
22587
22606
18562
18575
23488
23610
25357
25401
26144
26201
25947
26002
26242
26252
26281
26310
19977
19978
20467
20468
20985
21050
21301
21355
21590
21690
21534
21608
21565
21566
21630
21631
21781
21939
22490
22579
22621
22638
18542
18576
23405
23438
23736
23781
25411
25526
26200
26247
26003
26043
26311
26432
26309
26400
19915
19916
19979
20101
20451
20452
21293
21309
21607
21653
21725
21767
21782
22554
22571
22634
22709
18473
18699
23354
23377
23439
23529
25402
25416
25546
25653
26246
26298
26044
26068
26312
26445
26468
26476
19739
19740
19832
19840
19895
19957
20103
20263
20326
20327
20503
20512
21285
21488
21654
21655
21808
21842
22392
22442
22588
22732
18465
18466
18802
18857
23406
23459
25368
25406
25551
25709
25671
25758
26069
26103
26282
26307
26512
26542
26472
26531
26486
26541
19644
19738
19729
19730
19714
19773
20083
20128
20287
20420
20288
20289
20580
20588
21211
21212
21638
21660
22319
22420
22580
22713
22731
22825
18416
18437
18946
19014
23280
23281
23451
23495
25302
25303
25596
25684
26147
26148
26513
26576
26530
26575
26553
26647
19557
19558
19758
19796
19694
19750
20158
20159
20185
20186
20608
20638
21157
21158
21213
21257
21596
21597
21668
21735
22264
22312
22412
22443
22785
22792
22724
22739
18282
18283
23119
23199
23427
23440
23500
23541
25273
25274
25561
25614
25759
25828
26191
26231
26451
26452
26577
26605
26525
26661
26629
26662
19251
19282
19483
19484
19713
19764
19818
19870
19602
19603
19880
19881
20175
20371
20600
20641
20753
20787
21263
21343
21567
21568
22203
22249
22401
22484
22818
22827
22808
23081
22770
22843
18245
18289
23255
23378
23621
23634
25230
25231
25511
25615
26428
26446
26551
26600
26511
26628
26667
26703
19175
19176
19291
19367
19283
19284
19640
19728
19956
19993
19604
19657
19847
19909
20111
20187
20788
20864
21250
21344
21455
21456
21524
21525
22120
22121
22248
22305
22485
22527
22826
23100
22828
22893
22807
22835
22878
22879
18108
18288
23187
23290
23530
23531
25159
25160
25481
25482
25742
25860
26392
26393
26496
26566
26495
26557
26688
26698
26668
26716
26816
26831
19076
19087
19343
19458
19182
19228
19955
20091
20031
20093
19395
19396
19751
19752
20064
20068
20901
20989
21229
21294
21526
21572
22062
22063
22413
22455
23099
23138
22813
22852
22897
23110
22880
22945
18017
18107
23101
23102
23200
23201
23593
23630
25099
25116
25117
25256
25478
25480
25451
25539
25824
25848
26601
26640
26471
26514
26687
26735
26744
26770
26781
26930
26909
27041
26830
26871
18976
18979
19216
19217
19419
19468
19046
19047
20100
20336
20092
20164
19374
19438
19623
19636
19721
19797
20069
20141
21230
21232
21295
21335
21463
21464
21956
21957
22040
22045
22469
22551
23214
23237
22853
22933
22896
22953
23123
23166
22954
23046
17992
17993
23077
23132
23019
23020
23075
23076
24937
24938
25088
25158
25076
25079
25440
25540
25852
25917
26602
26704
26675
26725
26464
26465
26756
26895
26762
26763
26843
26896
26976
26985
27068
27139
26881
26908
18889
18890
19227
19290
19091
19092
19548
19664
18921
18922
20174
20252
19333
19334
19695
19813
20142
20379
21076
21110
21426
21437
22031
22032
22046
22196
22444
22456
22952
23045
23039
23052
23049
23074
17754
17764
23064
23133
23152
23238
22691
22692
24936
24961
25049
25050
25039
25040
25547
25634
25853
25908
25933
25936
26590
26633
26439
26444
26755
26789
26946
26990
26914
26993
27021
27027
27069
27111
18845
18846
19226
19429
18974
18975
19699
19780
18796
18797
18891
19110
20251
20325
19188
19189
19335
19383
19624
19625
20123
20197
21438
21479
21962
21963
22228
22239
22414
22415
22555
22565
22974
23025
23069
23136
23060
23098
22955
22956
23111
23112
22657
22759
24841
24853
25015
25190
25591
25606
25616
25753
25924
25964
26502
26580
26788
26798
26921
26931
27001
27097
27045
27124
27070
27115
27203
27218
18766
18767
19164
19165
19430
19467
18947
18948
19817
19894
18810
18861
19122
19177
19582
19593
19595
19765
20117
20118
20280
20415
21848
21849
21938
22064
23122
23159
22860
22881
22963
22964
23134
23222
22601
22602
24808
24809
24967
24968
25197
25259
25623
25640
25583
25584
25781
25813
25925
26070
25990
26007
26922
27042
27212
27223
27123
27148
27279
27280
18714
18886
18638
18677
18868
18885
18662
18693
19437
19451
18828
18829
19992
20056
18694
18695
18862
18966
19218
19352
19420
19421
19513
19611
19766
19848
20084
20166
20469
20521
21823
21824
21913
21923
22939
22940
23316
23355
22600
22639
22540
22541
24682
24683
24887
24888
24962
24985
25208
25311
25281
25351
25527
25532
25782
25830
26053
26154
26897
26959
27319
27344
27084
27090
18706
18707
18552
18580
18808
18809
18590
18591
19210
19276
19498
19710
18815
18827
20046
20138
18647
18648
18967
19033
19219
19260
19322
19353
19354
19355
19549
19658
19849
19871
20167
20294
20613
20759
21794
21795
21829
21830
22005
22095
22844
22845
23317
23340
22432
22433
24810
24842
24647
24829
24973
24974
25207
25212
25506
25507
25710
25816
26079
26173
26848
26882
27012
27048
27326
27511
27352
27392
18533
18534
18807
18832
18578
18579
19281
19450
19749
19790
18700
18701
20067
20122
18623
18624
19285
19286
19252
19253
19422
19423
20168
20309
20372
20655
20642
20728
20765
20848
21776
21777
22065
22220
22796
22894
23298
23337
23418
23470
24804
24805
24604
24605
25043
25129
24975
25064
25483
25485
25677
25743
25834
25926
26172
26210
26822
26957
27049
27091
27325
27558
27353
27386
18470
18471
18569
18584
19071
19075
19332
19414
19812
19856
18663
18664
20157
20303
18505
18506
19206
19207
19100
19101
18980
19036
19344
19397
20124
20125
20304
20470
20380
20416
20710
20741
20748
20865
21646
21647
21712
21713
22066
22073
22741
22747
22898
22975
23338
23379
23477
23514
24529
24576
24519
24520
25089
25179
25562
25563
25767
25790
25934
25975
26764
26765
27278
27316
27612
27662
18389
18390
18482
18483
19394
19436
19811
19864
18503
18504
20156
20378
20362
20363
18431
18518
19183
19220
19034
19035
18847
18848
19323
19345
20305
20310
20566
20816
20421
20456
20457
21669
21683
22122
22224
22697
22698
22899
23001
23585
23666
24490
24528
24530
24620
25130
25141
25213
25228
25447
25448
25552
25597
25772
25849
25982
26008
26771
26872
27181
27202
27315
27318
27632
27681
18362
18459
18295
18296
18462
18564
19302
19303
19497
19555
19887
20000
18430
18445
20192
20224
20414
20455
18305
18306
18519
18659
19111
19112
19229
19292
18923
18968
18725
18726
18849
18944
19296
19297
19346
19391
20225
20317
20596
20623
21516
21517
21684
21892
22123
22140
22664
22665
22867
22886
23053
23124
23586
23622
23679
23706
24451
24452
24516
24544
24531
24661
25093
25260
25275
25369
25445
25452
25854
25876
26057
26093
26772
26852
27077
27078
27304
27312
27412
27447
27631
27674
27737
27773
18271
18294
18204
18205
18272
18322
18399
18427
19289
19331
19564
19601
19556
19565
18379
18410
20250
20587
20493
20572
18246
18278
18247
18263
18708
18744
19072
19080
18915
18916
18715
18716
18798
18830
18955
18991
18986
19020
19238
19239
19431
19651
20409
20447
20597
20667
21661
21714
22074
22075
22157
22175
22610
22658
22797
22946
23637
23641
23714
23741
24445
24446
24515
24562
24688
24705
25042
25051
25282
25317
25390
25391
25877
25965
26122
26182
26141
26155
26858
26904
27052
27057
27311
27385
27510
27538
27777
27840
27788
27904
18238
18239
18349
18388
18071
18081
19330
19342
19563
19737
19566
19863
20249
20320
20586
20599
20647
20745
18286
18323
18240
18241
18553
18554
18759
18760
18917
18918
19432
19550
19798
19825
20458
20598
20668
20688
21715
21838
22176
22290
22545
22546
22742
22786
23691
23698
23818
23828
24328
24329
24563
24606
24920
24921
25052
25169
25855
25856
26121
26176
26192
26220
26228
26268
26844
26915
26937
26950
26971
26984
27056
27067
27222
27246
27384
27433
27929
27987
18215
18361
18079
18080
18013
18014
19466
19536
19792
20014
19920
20145
20319
20502
20553
20554
20659
20888
20805
20889
18155
18156
18273
18287
18469
18476
18484
18485
18610
18665
19398
19410
19551
19781
19872
19932
20601
20624
20720
20721
22165
22240
22514
22652
22452
22462
22748
22836
23699
23829
24264
24305
24207
24259
24607
24626
24848
24865
25053
25161
25857
25881
26203
26227
26289
26344
26387
26497
26924
26963
27007
27013
27055
27073
27200
27201
18197
18198
17927
17928
19312
19313
19791
20042
20062
20063
20018
20133
20155
20248
20316
20335
20501
20528
20673
20756
18113
18114
18380
18391
18432
18433
18301
18302
18592
18593
19514
19567
20676
20760
20625
20639
20799
20857
22141
22148
22471
22477
22393
22394
22740
22922
23744
23808
24142
24143
24782
24783
24956
24977
25209
25238
25953
25980
26202
26219
26322
26343
26405
26466
26386
26457
26925
26982
18196
18285
17898
17899
17872
17900
19301
19366
19006
19042
19789
19919
20090
20203
20763
20772
18029
18030
18411
18507
18242
18257
18279
18307
18520
18535
19485
19525
19605
19679
20730
20866
20555
20575
20871
20883
22098
22099
22470
22476
22296
22297
22313
22336
22628
22629
22965
23090
24101
24102
24724
24725
24744
24978
25102
25283
25335
25991
26041
26218
26232
26353
26410
26487
26552
26469
26470
18112
18129
17656
17657
17854
17975
19351
19610
18913
18914
19043
19044
19744
19862
20102
20262
18412
18649
18256
18264
18228
18265
19439
19440
19722
19806
20904
20909
22486
22544
22279
22306
22337
22445
22988
23008
23103
23153
24076
24077
24652
24653
24939
24940
25103
25214
25992
26229
26352
26401
26559
26595
26488
26533
18128
18141
17642
17643
17367
17368
17837
17855
19382
19512
18780
18781
19019
19032
19736
19772
20261
20279
18350
18357
18233
18234
18157
18158
18266
18369
19399
19400
19411
19526
19723
19753
20976
20977
22338
22353
23188
23262
24056
24057
24637
24638
24631
24662
24922
24941
25993
26027
26558
26591
26630
26648
26634
26669
18051
18093
18195
18209
17567
17616
17220
17221
17727
17728
17911
17976
19329
19381
18712
18713
19771
19839
18248
18249
18342
18413
17990
17991
18082
18083
18100
18117
18370
18417
19244
19245
19314
19336
19424
19626
19731
19882
19981
21039
21093
22395
22416
23195
23401
23994
24111
24592
24593
24663
24738
24890
24891
25966
26042
26649
26671
18078
18154
17346
17347
17615
17675
17667
17668
17816
19311
19535
19418
19562
18682
18683
19838
19976
18115
18116
18313
18336
17946
17947
18000
18118
18061
18062
19132
19133
19221
19222
19277
19278
19627
19659
19745
19833
19899
19938
19980
20047
21051
21189
21111
21258
22396
22478
23196
23341
23419
23484
23969
23970
25918
25919
26094
26156
18111
18232
17510
17599
17734
17878
17600
17617
19271
19287
18618
18619
19810
19886
20030
20240
18343
18372
17847
17864
17892
17901
19015
19016
19178
19184
19337
19338
19782
19799
19834
19921
20019
20104
21015
21176
23197
23323
23390
23515
23854
23932
23966
24160
25870
25871
25890
25891
26178
26204
17926
18070
17481
17482
17343
17344
17618
17708
19120
19121
19678
19727
19991
20082
20089
20163
20293
20342
18344
18400
17813
17814
17774
17796
17710
17729
18833
18836
19061
19062
19339
19537
19857
19883
19922
19939
20020
20146
20172
20281
20990
20991
23143
23223
23826
23827
23995
24030
25730
25731
25872
26004
26211
26255
17886
17887
18060
18127
17410
17411
17244
17245
17511
17512
17628
17709
19099
19108
19086
19109
19735
19823
19999
20045
20132
20260
18250
18251
17794
17795
17805
17838
18837
18879
19037
19126
19315
19356
19618
19672
19950
20165
19917
20021
20147
20169
20937
20938
23144
23145
23996
24006
24096
24161
25672
25692
26005
26045
26215
26313
17811
17945
18166
18214
17265
17271
17355
17395
16965
16966
17589
17619
18735
18736
19095
19107
19726
19748
19998
20041
20301
20349
17998
17999
17711
17744
17806
17937
18052
18119
18819
18863
18992
18993
20015
20176
20177
20254
19873
19951
20269
20364
21077
21150
23383
23496
23174
23175
24221
24282
25654
25655
25685
25686
26048
26124
26345
26374
17691
17692
17936
17968
18165
18190
17175
17200
17193
17194
16886
16887
17483
17522
19082
19083
17743
17757
17797
17826
18159
18180
18120
18210
18892
18932
18969
18970
20253
20295
20178
20255
19807
19808
19982
20057
20270
20343
23397
23432
23565
23594
24238
24294
25581
25612
25564
25593
25746
25800
26133
26145
26373
26394
26375
26477
17690
17755
17602
17603
18147
18153
17199
17340
16771
16772
17080
17094
16877
16878
17314
17315
17513
17756
19005
19060
18788
18806
17561
17576
17702
17784
18789
18790
18893
18894
20264
20417
20208
20232
19759
19774
20344
20459
23398
23402
23542
23549
23601
23657
24260
24384
25575
25576
25533
25534
25594
25641
26415
26663
26346
26606
26537
26543
17726
17772
17446
17501
17574
17588
18152
18179
17134
17235
17378
17627
16949
16977
17222
17223
17460
17773
17767
17812
19295
19428
18743
18758
17553
17554
17677
17678
18838
18839
18754
18811
19527
19552
19767
19814
23580
23652
24156
24290
25571
25572
25486
25487
25484
25502
25642
25909
26498
26641
26791
26849
26333
26453
26560
26748
17403
17404
17016
17017
17219
17276
17434
17448
16797
16798
17088
17089
17379
17386
19321
19496
18691
18692
17484
17492
17620
17621
17629
17630
18696
18697
19459
19460
19499
19568
19760
19761
19850
19865
23701
23722
24047
24208
25553
25580
25469
25470
25331
25364
25493
25512
25629
25719
26656
26719
26873
26916
26905
26977
26290
26291
26749
26863
16910
17062
17327
17330
17447
17491
17387
17514
18657
18658
17357
17358
17466
17568
17469
17516
17095
17107
17604
17605
18633
18639
18634
18640
19375
19376
19452
19453
19858
19958
23700
23756
23724
23927
23964
23971
24211
24304
25471
25472
25276
25318
25598
25599
25736
25744
26747
26799
26938
26967
26253
26347
26736
26774
26864
26926
16866
16885
17348
17356
17523
17676
18502
18517
16935
17117
17548
17549
17606
17848
18630
18631
18611
18612
18625
18745
19357
19515
19851
19904
20016
20058
23774
23809
23972
24082
24209
24265
24326
24385
25247
25284
25295
25392
25466
25467
25737
25774
25773
25850
26746
26767
26983
27063
26274
26348
26792
26800
16831
16857
16851
16918
17316
17317
17524
17575
17718
17783
18424
18425
18440
18458
16933
16934
17178
17246
17272
17273
17594
17712
17856
17955
18594
18595
18565
18566
18620
18626
18774
18956
20059
20094
23773
23782
23954
23987
24106
24136
24386
24430
25223
25224
25285
25312
25775
25796
25976
25981
26766
26815
26256
26257
26349
26440
26793
26817
16839
16840
16917
16994
17260
17261
17804
17827
18420
18439
18291
18292
16931
17051
17255
17256
17108
17109
17115
17247
17493
17577
17719
17798
18448
18449
20126
20153
23955
24058
24116
24178
24396
24453
25191
25192
25104
25105
25215
25219
25313
25380
25786
25910
26117
26118
26292
26376
26561
26622
16683
16796
16684
16685
17149
17176
18378
18457
18223
18224
18173
18174
16687
16688
17050
17082
17063
17064
17058
17059
17470
17471
20127
20173
20152
20241
23918
23921
24483
24497
25070
25126
25071
25072
25198
25199
25314
25340
25756
25840
25912
25937
26249
26360
26544
26650
16624
16791
16895
16991
16557
16558
16841
16842
17177
17388
18299
18300
18495
18617
18091
18092
18187
18194
16646
16963
17081
17100
16843
16844
16968
16969
17417
17418
20105
20143
23904
23926
24484
24615
25005
25023
24986
24987
25170
25172
25341
25358
25724
25725
26186
26187
26545
26653
16514
16623
17005
17079
16439
16440
16773
16825
17141
17142
18125
18126
18494
18577
18711
18787
17909
17910
16435
16436
16967
17034
17143
17150
16811
16812
16802
16803
17311
17312
23889
23890
24784
24785
24949
24950
25084
25122
25687
25809
26157
26221
26503
26522
26709
26768
16480
16481
16428
16429
16189
16190
16716
16717
16960
16961
17116
17195
18007
18311
18468
18512
18826
18927
17852
17853
16434
16473
16394
16395
17160
17298
16647
16648
16753
16754
17248
17249
17291
17292
24758
24854
24632
24667
24996
24997
25106
25180
25643
25644
26526
26567
26712
26750
16417
16500
16022
16023
16135
16230
16867
16962
17211
17236
17922
17923
18310
18335
18818
18860
18943
19031
17846
17891
16363
16411
16501
16549
16311
16312
16379
16408
17159
17189
16380
16381
16412
16413
16729
16736
17190
17205
17318
17644
24830
24866
24627
24628
24668
24689
24971
24976
25181
25243
25617
25678
26527
26562
26840
26892
16249
16250
16370
16371
15894
15895
16116
16139
16430
16453
16799
16800
17212
17309
17890
17921
17825
17845
18734
18764
19070
19181
17791
17792
16309
16310
16410
16677
16560
16919
16238
16239
17188
17237
16172
16173
16888
16952
17096
17206
17319
17412
17669
17807
24776
24790
24599
24600
24523
24524
24895
24901
25131
25162
25679
25720
26499
26500
26607
26705
26832
26833
26891
26898
16020
16021
16404
16592
16248
16327
15807
15825
16140
16191
16654
16655
16745
16781
17310
17533
17790
17862
17944
17995
17572
17593
19069
19169
17793
17917
16181
16206
16034
16035
16407
16496
16686
16752
15954
15955
15956
17125
17126
16066
16075
16868
16903
17065
17083
17250
17328
17423
17660
17815
17828
24454
24522
24466
24485
24769
24918
25453
25454
26608
26651
16014
16015
16591
16697
16047
16048
15591
15592
15919
15986
16192
16328
16559
16593
16782
16801
17304
17477
17782
17789
17861
17994
17408
17409
19171
19205
17766
17924
16170
16171
15848
15849
15922
15923
16074
16207
16774
16775
16889
16995
17127
17277
17369
17502
17661
17735
17829
17857
24431
24432
24521
24539
24711
24826
25432
25528
15846
15847
16577
16744
15975
15976
16027
16033
15514
15515
15808
15809
15987
16418
16348
16431
16541
16542
17515
17560
17731
17732
18028
18076
17269
17270
19170
19270
17641
17674
17877
17960
16159
16194
15826
15827
15862
15863
16561
16567
16625
16626
16996
17043
17006
17007
17278
17286
17503
17562
17736
17817
17808
17809
17948
17983
24338
24339
24633
24712
25529
25673
15710
15711
16763
16824
15968
16013
15860
15861
15368
15392
15495
15626
15654
15685
15908
16096
16515
16540
17655
17688
17639
17640
18027
18140
17186
17187
17259
17394
18854
18855
19275
19300
17996
18059
16149
16150
16193
16220
15705
15712
16566
16618
16261
16272
16619
16698
16983
16984
16928
17110
17539
17645
17693
17880
17658
17659
17962
17982
17984
18022
24291
24306
24315
24316
24570
24571
25674
25797
15590
15607
15618
15619
16823
16856
15787
15859
16156
16180
15749
15750
15844
15845
15439
15447
15602
15703
16097
16332
16539
16596
17687
17781
17546
17547
18139
18237
17185
17192
17204
17234
17476
17497
19187
19373
17997
18077
15920
15921
16340
16396
16641
16737
16160
16161
16597
16598
16578
16634
16792
16793
16845
16846
17101
17144
17534
17535
17679
17800
17694
17775
17969
18021
17938
17939
18015
18063
24239
24240
24558
24595
24503
24525
25680
25711
25801
25861
15529
15539
16855
16876
16155
16362
15565
15566
15267
15268
15448
15516
15554
15555
15715
15882
16432
16433
17871
17974
17365
17374
18236
18330
17077
17078
17086
17087
17210
17326
19148
19163
19435
19492
17966
17967
18164
18188
16127
16358
16076
16077
16474
16475
16505
16562
16649
16650
16730
16826
17799
17830
17865
17919
18072
18167
18001
18073
24194
24195
24594
24669
24421
24437
24540
24572
25688
25760
15459
15460
15538
15601
16943
17004
16154
16188
15494
15537
15163
15187
15109
15110
15177
15178
15429
15430
15695
15755
15977
16271
16389
16406
17989
18006
17352
17353
17373
17407
17041
17042
17172
17173
19162
19204
19482
19581
19547
19635
17925
18012
18226
18312
18189
18293
15979
15980
16357
16437
15924
15925
16277
16278
16414
16415
16620
16656
16832
16929
17956
18002
18084
18094
17985
18023
24146
24147
24377
24378
24538
24629
15229
15230
15403
15404
16976
17113
17114
17174
16094
16095
16187
16225
15402
15409
15186
15214
15146
15206
15978
16200
16319
16320
16405
16420
17191
17217
17364
17459
17029
17030
17123
17146
19186
19237
19546
19650
19656
19770
17918
17961
18321
18426
15910
16029
16356
16372
15722
15723
15762
15763
16262
16263
16554
16568
16833
16950
17970
17977
18148
18274
18101
18191
24083
24084
24374
24375
15286
15287
16975
16993
17148
17158
15735
15736
16260
16499
15061
15094
15139
15140
16318
16333
16393
16441
17138
17139
17325
17393
17147
17329
19236
19365
19491
19655
19677
19693
19779
19805
15721
15732
16083
16101
16349
16482
15312
15313
15667
15668
15883
15884
15969
15970
16569
16804
18142
18229
17949
18218
18243
18267
24031
24032
24075
24085
24283
24284
24372
24408
15708
15709
16259
16403
15080
15081
16419
16489
17105
17106
17421
17490
17124
17342
19130
19131
19364
19390
19778
19855
19831
19898
15530
15531
15837
15838
16100
16106
15203
15204
15575
15576
15344
15345
15875
15898
15964
16078
18217
18276
17929
17940
18252
18280
18324
18325
18508
24261
24266
15702
15720
15638
15639
16402
16479
15082
15225
16446
16471
17039
17040
17377
17400
17559
17701
17366
17401
19105
19106
19457
19481
19854
19890
19903
20029
15520
15574
15395
15396
15836
15864
16202
16355
14881
14882
15063
15064
15338
15482
15965
15966
16107
16299
18216
18269
17818
17819
18308
18333
18338
18339
18509
18521
24222
24223
15694
15719
16513
16556
15025
15026
16924
16925
17198
17216
17399
17601
17725
17810
17402
17508
18999
19045
19480
19490
19846
19869
15519
15584
15296
15297
15797
15819
14849
14850
14946
14947
15326
15332
15926
15927
16108
16291
18268
18275
17682
17683
18463
18496
15573
15600
16258
16276
16638
16639
15011
15105
16807
16808
17037
17038
17376
17571
17765
17867
17509
17613
18852
18853
19041
19141
19524
19617
15472
15473
15583
15620
15256
15305
15231
15253
15655
15656
14658
14696
14790
14791
14889
14890
15314
15388
16084
16174
17662
17663
18666
18907
18628
18799
15260
15261
16003
16004
16682
16705
16640
16810
16714
16715
16829
16901
16990
17076
17337
17363
17614
17626
18779
18795
19155
19174
19622
19634
15393
15394
15304
15365
15095
15096
15471
15518
14598
14599
14695
14734
14620
14621
14851
14888
15209
15238
16036
16085
16208
16300
17555
17556
18667
18702
18775
18627
18654
18840
18928
15250
15251
16681
16865
16616
16617
16576
16666
16940
16941
16989
17362
17398
18752
18753
18794
18831
19168
19243
19663
19698
19609
19649
15387
15440
15000
15028
14424
14454
14212
14213
14676
14764
14580
14639
14586
14587
14572
14573
15190
15191
15885
15947
16209
16301
16341
16483
17536
17537
18709
18820
18556
18641
18895
18981
16387
16388
16864
16875
16604
16615
16461
16676
16761
16884
16859
16860
17267
17268
17397
17444
18652
18653
18786
18805
19140
19195
19720
19769
19648
19719
15308
15309
14936
14973
14354
14409
14168
14169
14140
14141
14534
14541
14543
14544
15132
15133
15071
15124
15828
15911
17435
17436
17500
17540
18727
18737
18441
18461
19007
19022
16863
16902
16927
16942
16478
16488
16675
16713
16923
16939
17443
17475
18531
18532
18804
18817
19119
19147
19274
19372
19804
19845
15303
15352
15167
15168
14985
15013
14300
14301
14433
14684
14076
14157
14088
14089
14399
14423
14542
14600
14272
14277
14482
14489
15125
15232
17405
17406
17424
17569
18761
19073
18314
18332
18460
18555
19021
19134
16873
16951
16998
17140
16391
16590
16664
16665
16992
17024
16872
16900
17558
17592
18474
18475
18397
18398
18742
18751
18825
18859
18941
18942
19273
19608
19380
19434
19843
19844
15236
15237
14060
14061
14432
14669
14723
14733
13970
13971
13972
13973
14244
14367
14191
14192
15119
15141
15269
15354
17380
17419
19077
19078
18331
18345
19127
19230
16830
16926
17002
17133
17003
17242
17218
17338
16281
16339
16522
16589
16536
16537
17046
17057
17075
17171
16899
17049
17638
17836
18367
18368
18360
18481
18645
18646
18926
18965
19235
19310
19861
19929
14019
14033
14683
14722
14751
14831
13887
13912
13928
13932
13941
13942
14236
14237
13817
13818
14009
14010
15040
15041
15270
15315
15353
15420
17320
17321
19179
19203
18337
18401
16809
16819
17243
17433
16186
16289
16288
16326
16492
16493
16588
16603
16538
16609
17056
17061
17170
17203
16883
16959
17055
17184
17706
17752
18262
18290
18355
18356
18632
18690
18954
18973
19234
19269
19523
19621
13959
13969
14075
14110
14674
14675
14784
14943
14770
14813
13863
13864
13872
13873
14214
14287
13609
13610
13888
13901
14923
14924
14976
15004
15169
15210
15339
15463
15490
15562
17251
17252
17299
17300
16751
16762
17227
17339
17445
17689
16168
16169
16290
16331
16338
16575
16298
16316
17214
17297
16760
16850
16958
17054
17183
17385
18193
18203
18309
18423
18500
18501
18637
18676
18931
18990
19202
19250
19522
19671
19697
19788
13727
13729
13927
14059
14156
14453
14900
14996
13827
13838
13734
13735
13693
13694
13816
13828
14171
14190
13531
13532
13701
13702
14713
14714
14958
14986
15211
15550
15521
15627
17035
17047
17301
17437
16526
16527
17354
17422
17498
17499
15943
15944
16347
16487
16614
16695
16315
16385
17215
17266
17296
17432
16632
16633
16957
17015
17060
17169
17442
17532
18145
18146
18455
18456
18656
18681
18883
18884
18989
19139
19201
19242
19670
19676
19803
19928
13658
13659
13836
13837
14155
14271
14466
14647
13806
13807
13626
13649
13621
13622
14047
14048
13490
13491
14645
14659
14640
14677
14914
14925
14987
15227
15522
15593
16920
16970
17287
17370
16525
16610
17427
17521
15843
15974
16256
16257
16494
16613
17458
17480
16574
16601
16586
16587
17014
17085
18137
18138
18454
18499
18541
18622
18985
18998
19146
19268
19241
19393
19734
19787
19809
19889
19949
20006
13471
13472
13814
13815
13551
13552
13561
13562
13437
13473
13345
13346
14648
14678
14926
14927
15228
15271
16904
16905
17228
17229
17371
17425
17573
17707
15794
15795
15945
16046
16236
16330
17545
17552
16552
16553
16631
16652
17013
17028
17885
17988
18366
18377
18816
18824
19118
19125
19409
19413
19802
19902
20037
20043
20116
13417
13418
13448
13458
13813
13886
13427
13479
13488
13489
13365
13419
13197
13198
14601
14602
14915
15089
15233
15288
16852
16890
17151
17152
17733
17753
15742
15743
15692
15693
16057
16063
16071
16072
16329
16346
17722
17742
16534
16535
16608
16674
17788
17803
18026
18058
18328
18329
18376
18387
18750
18785
18823
18858
19098
19104
19443
19465
19801
19908
20036
20110
20066
20154
13310
13311
13325
13326
13805
13826
13952
14127
13284
13329
13459
13460
13312
13313
12943
12944
13025
13026
14172
14193
14574
14652
14814
15049
15316
15449
17128
17161
15673
15674
15701
15734
16064
16065
15995
16056
16287
16386
16353
16354
17771
17787
16595
16838
18020
18124
19029
19030
19757
20088
20214
20306
13289
13290
13811
13812
13951
14087
14221
14304
13207
13208
13327
13328
12896
12897
14509
14510
14792
14815
15065
15134
15484
15505
17162
17413
15644
15645
15572
15599
16026
16131
15857
15858
16255
16269
17863
18005
16837
16982
18019
18050
18940
18964
19704
19705
19709
13900
13983
14126
14597
14325
14507
13120
13132
12841
12842
14355
14356
14511
14603
14803
14804
15135
15257
15483
15594
15506
15629
17153
17224
15570
15579
15377
15419
16073
16126
15730
15731
17884
18018
16602
16612
16997
17033
17987
18036
18912
18920
19632
19633
19708
19893
13852
14167
14227
14419
14614
14812
14528
14533
13063
13064
13133
13265
12769
12770
14294
14387
14735
14736
15281
15289
15628
15657
15630
15737
17196
17207
15417
15418
15295
15301
15893
15953
16177
16217
15681
15707
16532
16533
16611
16673
17012
17103
17032
17233
18049
18144
18919
18939
19703
19733
19901
20087
13825
13835
14418
14422
14823
14935
14571
14712
12978
13014
13033
13034
13301
13395
14245
14246
14737
14816
15282
15327
15810
15829
15361
15362
15342
15343
15766
15777
16270
16378
16148
16197
15641
15761
16307
16308
16469
16470
16672
16725
17122
17104
17145
18099
18201
18202
18261
18877
18878
19631
19689
19900
19974
20137
20275
13758
13759
14481
14638
14968
15147
14668
14952
14763
15035
12840
12942
12876
12877
12921
13015
13302
13306
14111
14112
14222
14238
14685
14752
15272
15283
15869
16086
15311
15458
15154
15155
15196
15197
15183
15184
16452
16462
15824
15880
16198
16317
15502
15513
15816
15994
16285
16286
16724
16728
17156
17157
17361
17372
18875
18876
19456
19508
19821
19822
19990
20398
20332
20377
13656
13657
14967
15048
15166
15201
15062
15106
12651
12698
12718
12727
12857
12939
13016
13051
13266
13295
14069
14070
14545
14546
14724
14860
15298
15441
15870
16079
15078
15138
15156
15176
15157
15198
16495
16511
15778
15796
15881
16120
16218
16361
15310
15322
15512
15569
15729
15793
16070
16138
16244
16252
16584
16585
16727
16882
17324
17431
17375
17392
17384
17391
18874
18953
19309
19350
19966
19989
20392
20431
13436
13487
13648
13686
15179
15202
12600
12601
12629
12630
12728
12732
13109
13164
14049
14050
14483
14484
14410
14411
14535
14556
14883
14928
15442
15595
16109
16183
15056
15057
16512
16523
16555
16653
15747
15748
15817
15818
16121
16199
15528
15536
15713
15714
16216
16268
16305
16306
16726
16734
17465
17612
17383
17479
18793
18835
19225
19249
13548
13549
15242
15567
15226
15252
12453
12532
12465
12466
12620
12640
12993
12994
13953
13954
13974
13979
14467
14512
14319
14320
14400
14401
14604
14615
14884
14959
14974
14977
15610
15745
16087
16136
16182
16251
16524
16696
16735
16770
15664
15665
15806
15835
15428
15438
15653
15663
16214
16215
16780
17011
17467
17531
17717
17844
17390
17396
19248
19320
13370
13371
13550
13571
15324
15325
12398
12399
12368
12394
12641
12757
12970
13024
13853
13854
13960
14011
14278
14358
14200
14215
14374
14388
14605
14715
14978
15014
15571
15585
15948
16017
16273
16382
15636
15637
15436
15437
15662
15907
15873
15874
16769
16930
17468
17551
17724
18098
17851
18110
19161
19259
13263
13264
13529
13530
13572
13586
15381
15540
12352
12353
12257
12316
12575
12617
12932
12961
13742
13743
14357
14434
13903
13904
14340
14341
14547
14649
14988
15101
16049
16123
16282
16443
16383
16454
15580
15581
15336
15360
15617
15741
15952
16012
15802
15803
16759
16790
16932
16948
17566
17587
17723
17833
18136
18213
17834
17965
19258
19308
13440
13441
12289
12290
12203
12302
12569
12570
12894
12895
13736
13737
13564
13565
14326
14327
13902
13975
13829
13865
14250
14251
14738
14778
16050
16141
16178
16240
16442
16689
15479
15480
15559
15616
15805
15990
16045
16055
15786
15842
16789
17045
17843
18254
18200
18443
17835
17907
18048
18235
19154
19209
19349
19600
12186
12187
12515
12593
13687
13688
13539
13540
13674
13719
14239
14240
13777
13778
13866
13984
14204
14252
14909
14979
15850
15912
16245
16292
15378
15379
15804
15942
16104
16119
16767
16768
17093
17099
17842
17954
18284
18375
18442
18467
17908
18055
19379
19408
12111
12112
12418
12571
13396
13397
13768
13769
13708
13712
13997
13998
14135
14136
14253
14288
14916
14980
15015
15192
15928
15929
16364
16506
15351
15401
16758
16871
16722
16723
17780
17841
18035
18069
18318
18364
18386
18589
18057
18255
12041
12042
13291
13307
13377
13378
13516
13517
13695
13713
13839
13943
14128
14279
14375
14793
15036
15158
15136
15170
15930
15996
16390
16421
15223
15224
16694
16712
16881
16909
16376
16377
17906
18032
18319
18438
18563
18733
18259
18365
12004
12005
12032
12126
13190
13217
13461
13504
13506
13507
13675
13676
14025
14097
14794
14891
15185
15218
15148
15193
15931
16058
16447
16544
15130
15131
16704
16721
16818
17905
17916
18644
18732
18260
18320
18444
18480
12026
12043
13180
13189
13505
13627
13541
13542
14892
14975
15219
15274
15212
15239
15779
15798
16088
16334
16543
16563
15092
15093
16621
16622
17883
17935
18493
18543
11811
11812
12051
12221
13151
13152
13398
13399
15273
15284
15791
15851
16162
16210
16570
16667
15068
15069
16594
16750
16520
16521
17716
17751
17973
18385
11784
11824
12033
12103
13065
13066
13359
13385
15733
15764
16279
16321
16690
16718
16551
16663
16757
16858
16228
16229
17597
17598
17959
18043
11703
11704
11825
11833
12104
12162
13046
13047
12883
12884
13256
13267
15586
15611
15820
15957
16350
16365
16699
16706
16719
16847
16426
16427
16874
16922
16010
16011
16129
16130
17489
17507
18109
18231
11659
11660
12096
12134
12898
12899
12843
12844
15821
16203
15981
16089
16476
16545
16738
16805
16700
16834
16344
16345
16324
16325
16988
17137
15888
15889
16093
16115
17506
17700
18135
18384
12135
12236
12689
12703
12827
12828
15792
15865
16497
16528
16835
16861
16343
16369
16175
16176
16987
17036
18123
18151
12699
12708
15756
16179
16546
16764
16869
16936
16368
16468
16146
16147
18178
18374
12602
12603
15631
15632
15746
16765
16896
16937
16978
16367
16467
16607
16733
16042
16043
15940
15941
18383
18479
12584
12585
15507
15523
15839
15876
16707
16708
16897
16911
16822
16828
15727
15728
18409
18529
18540
18803
12533
12534
15443
15444
15932
15971
16921
16971
18530
18661
18568
18938
12446
12631
12428
12447
15933
16051
16037
16204
18687
18749
12433
12455
12632
12652
12383
12384
16253
16313
18688
18731
18763
18778
12354
12355
12454
12521
12321
12474
16373
16448
18675
18680
12263
12264
12420
12467
12303
12304
12475
12522
16374
16422
16455
16627
12222
12232
12179
12180
12419
12445
12476
12482
12444
12504
