293216
292831
292832
293270
292817
292830
293347
293364
292762
292763
293080
293123
293271
593480
292641
292761
292624
292625
293079
293092
293168
293330
593481
292622
292623
291880
291881
291907
291908
293238
293239
593479
292478
292569
291755
291756
293200
293201
593477
593478
292215
292244
291754
291794
291557
291558
292975
292976
294415
293595
292190
292191
294198
294322
293594
293614
292005
292303
291782
291783
293976
294380
293701
293743
292004
292119
292365
292401
291543
291544
294390
294391
292118
292166
292364
292413
291177
293943
294246
292020
292081
292178
292209
292363
292568
292489
292573
290914
290978
293786
293961
292265
292312
290723
291077
291002
291521
293700
293720
294313
294442
290610
291440
291520
293487
293488
293719
293785
290471
290482
291280
291281
293107
293122
293593
293645
293833
293870
290233
290234
290456
290609
291264
291618
293027
293028
292815
292816
293667
293844
290061
290220
289864
289865
290249
290250
290595
291018
291428
291725
292427
292534
293625
293626
293855
294748
289637
289953
289586
289676
290521
290639
291103
291168
291460
291781
292337
292350
292562
292640
293952
294045
294510
294761
289880
289910
289536
289578
289554
289555
290638
290712
291176
291197
291672
291817
292336
292488
292723
292760
293798
293832
294074
294359
295317
296071
294760
295292
289503
289504
289145
289146
290711
290735
291816
291838
292487
292785
292699
293026
294114
294211
295534
295682
295485
295656
289468
289469
289496
289518
289116
289692
290734
290808
291953
292234
292412
292446
293155
293486
294113
294129
294239
294335
295773
295869
289066
289067
289068
289083
289350
289380
289690
289691
290555
290583
290903
290943
291972
292003
292445
292600
293078
293139
293485
293592
294128
294281
294348
294379
295942
296069
289032
289065
288728
288729
288983
288984
289221
289222
290431
290434
291017
291134
293070
293199
293769
294152
293644
293718
294457
294533
294684
294773
295941
296189
296070
296190
288640
288641
288963
288964
290332
290333
291043
291600
290869
291317
293198
293451
294151
294238
293717
294127
294441
294561
294975
295002
294520
294718
296213
296502
288587
288639
288914
288915
290151
290152
290231
290232
291042
291057
291427
291929
293077
293215
293458
293459
294759
294801
293930
294135
294136
294357
294478
294490
295140
295567
294545
294833
296154
296813
288219
288220
288638
288727
290077
290164
289755
289879
289983
289984
290942
291209
291056
291118
292814
293154
293521
293757
293504
293699
294817
294919
294358
295055
294374
295159
295207
295728
295587
295810
294897
294947
296155
296545
288195
288296
289688
289689
289814
289815
290868
291346
291055
291477
291556
291928
293520
293784
294946
295694
295186
295670
294378
294717
295185
295512
295758
295924
295046
295551
296826
296870
288110
288111
288295
288308
289565
289687
289170
289171
289552
289553
289771
289784
291256
291459
291345
291367
291952
292002
293472
294027
294275
294429
295693
295727
295429
296104
294430
295206
295533
295696
295955
296230
295595
295671
296559
296585
296891
296966
287846
287862
288371
288479
289742
289754
289452
289453
289022
289023
291426
291495
291196
291325
291458
291671
293429
293450
294026
294245
294455
294863
295893
295923
296218
296984
294413
294456
295428
295785
296124
296447
295430
295697
296800
296921
296599
297065
287705
287706
287967
287989
289741
289982
289325
289326
289249
289250
291510
291573
290806
290807
291230
291316
291457
291476
293396
293951
294255
294321
294454
294577
294974
295026
296212
296446
296625
296985
294440
295138
295823
295940
295879
295918
295698
295880
296554
296934
296986
297066
297197
297206
287760
287761
287357
287358
287872
288025
289700
289963
289207
289208
290709
290710
290867
291255
291488
291832
293379
293422
294620
294906
294671
294896
295044
295610
295045
295065
296276
297204
296499
297743
297184
297239
294439
294747
295139
295459
296315
296500
296278
296298
295971
296231
296177
296373
296546
296547
297205
297406
287615
287616
287242
287243
287905
288180
289675
289753
288938
288939
291000
291001
291229
291235
291641
291793
291951
292095
293321
293657
294918
295205
295054
295126
295616
295922
297221
297284
297844
297961
297304
297435
297240
297342
294497
294907
295617
295695
296854
297070
296166
296176
296286
296448
296530
297320
296825
298044
296531
296560
297502
297587
287326
287614
286987
287098
287205
287232
289564
289710
288871
288882
290650
290651
291102
291147
292041
292148
291670
291792
291982
291990
292019
292108
292177
293282
293421
297433
297536
297877
297907
298106
298228
297295
297334
297487
297733
297387
297631
295484
295500
295427
295954
296528
296529
296501
296875
296577
297071
297319
297362
296733
297713
297586
297684
287704
287783
286945
287066
286915
286916
287233
287359
289312
289313
289709
289895
288756
288757
290519
290520
291040
291041
292040
292080
292176
292389
291753
291767
293471
293883
297712
297843
298542
298941
297359
297663
297845
298374
297371
297419
297706
298043
295378
295631
296035
296248
297121
297122
296755
297588
297847
297915
287782
288141
286779
286944
286825
286878
286851
286965
287395
287513
289267
289451
289268
289269
288636
288637
288679
288680
290448
290449
290665
290666
292079
292094
292461
292477
291398
291399
293950
295578
297939
298746
298942
299082
297386
297923
297803
297846
298603
298689
297372
297373
297420
297752
295970
296576
296297
296584
297222
297335
296767
296781
287774
288007
286755
286997
286644
286645
286761
286842
286458
286934
287532
287644
289010
289011
289158
289482
288586
288608
290429
290430
292067
292228
292229
292444
292675
292736
292475
292476
291226
291227
291383
291384
295726
296138
297940
298162
298780
298841
299110
299299
297941
297994
297962
298251
298889
298943
298218
298461
296217
296277
297501
298107
297361
297652
297343
297344
297664
297976
287643
287648
288006
288095
286743
286792
286489
286490
286628
286629
286377
286528
287311
287488
288856
288857
289169
289522
288609
288661
290093
290094
291669
291847
292201
292275
292284
292379
292443
292599
290776
290777
290815
290816
291228
291279
295426
295746
298988
299273
299111
299224
299345
299446
298375
298376
298896
299199
298990
299127
298460
298604
296416
296485
297570
297705
298184
298651
296754
297360
296715
297374
297665
297833
297995
298045
287966
288057
286554
286555
286778
286841
286330
286331
286527
286556
286437
286438
286529
286812
287447
287550
288847
289188
288445
288446
289686
289770
290065
290134
291456
291791
292208
292442
292533
292621
292598
292735
290721
290733
290687
290688
290976
290977
295809
297031
298989
299234
299274
299346
298411
298584
299275
299370
298712
298867
296147
296729
297832
298126
298183
298410
298672
298781
296753
298009
297866
297916
298010
298066
288073
288155
286168
286232
286840
286900
286233
286316
286223
286224
286446
286630
286935
286998
288167
288168
288363
288486
291247
291711
292349
292486
292561
292722
290455
290649
290664
290722
296610
297159
298906
299125
299298
299485
298627
298735
299486
299615
296693
297120
298402
298917
298817
298879
297917
297996
298163
298232
288056
288091
288169
288279
285912
285913
286097
286151
286914
286933
286169
286170
286142
286143
286353
286367
286631
286695
286966
287150
286999
287057
288130
288131
288071
288072
290830
291505
292226
292227
292406
292550
292721
292734
290309
290416
297229
297526
298851
298940
299254
299614
299513
299649
297434
297662
298816
299043
297878
297879
298282
298403
288046
288090
288328
288338
285858
285859
285991
285992
286913
287007
286072
286073
285881
285882
286557
286569
287262
287389
287845
288044
288045
288108
291166
291167
292146
292147
292107
292130
292674
292759
292662
292860
290218
290219
297230
297333
297585
297630
299650
299884
297683
297831
299058
299083
297867
298077
298231
298444
298437
298852
286791
286839
287056
287241
285957
285958
285627
285628
285656
285654
285655
285696
285697
287743
287744
287973
287974
288004
291132
291133
291949
291950
292038
292039
292959
292987
292691
293002
290047
290360
289614
289998
297694
297784
299906
299907
298424
298602
299147
299429
299098
299672
297734
297813
298210
298242
298209
298230
298818
298972
286543
286544
287055
287139
285509
285510
285657
285667
285422
285423
285546
285547
287789
287790
287530
287531
287884
288005
291116
291117
291836
291837
291989
292165
291687
291688
292958
293042
293033
293069
292883
292988
290359
290433
289727
289769
289999
290048
298305
298401
299969
300043
298697
299126
299428
299456
297488
297489
298252
298446
298290
298843
298229
298288
298963
299072
286518
286553
285159
285160
285307
285308
285556
285698
285826
285860
285376
285377
287598
287599
287528
287529
287016
287017
287904
288109
287310
287781
291668
291856
292189
292283
291655
291879
292828
293041
293153
293251
293025
293051
290216
290217
290465
290566
289550
289551
290049
290319
298381
298583
298573
298763
300044
300182
299515
299651
297449
297450
298447
298544
298289
298445
298844
298897
298336
298382
299044
299200
285097
285098
287445
287446
287387
287388
286978
286979
287912
287923
291686
291790
292282
292378
291709
291710
293227
293281
292829
293024
290608
290744
289467
289674
290230
290246
298400
298895
300076
300183
300317
299514
299595
299662
299926
297345
297346
298522
298736
298531
298605
298961
298962
299276
299447
284966
284967
284755
284756
287239
287260
287231
287261
291474
291475
291580
291581
293496
293531
293280
293420
289247
289299
289635
289636
290247
290270
298960
299549
300119
300728
300090
300912
296626
296627
296683
297321
298521
298607
298842
298973
298543
298714
299289
299686
299458
299663
284579
284580
286911
286912
287224
287240
291599
291906
290825
290826
293554
293756
293419
293495
289838
289839
290076
290248
298959
299003
299568
299594
300382
300383
300868
301165
300091
300775
300913
300981
297012
297042
296716
297407
298606
298720
298713
298944
299795
299796
299687
299873
286849
286850
291300
291301
291302
291344
293881
293882
293869
294093
293394
293395
293574
293575
289604
289920
290104
290408
298958
299783
299384
299567
300374
300452
300867
301045
301305
301378
300077
300078
300776
300869
301056
301249
297363
297666
298794
298834
299713
299808
299754
299995
286741
286742
291076
291359
290926
290927
293880
294287
294126
294558
294210
294243
293393
293418
292757
292758
293022
293023
300451
300595
301471
301551
300439
300582
300946
300947
301274
301306
297364
297421
299029
299045
299807
299845
300035
300173
286693
286694
291074
291075
291366
291455
293831
293896
294305
294389
294632
294960
294244
294559
292639
292779
292495
292496
292898
292899
300605
300854
301550
301671
300342
300353
300948
300982
301537
301632
296743
297422
299277
299347
299699
300046
300047
300159
286412
286413
291073
291131
290940
290941
291278
291382
293767
293768
293942
294059
294800
295362
294758
295158
294959
295136
294560
294633
292460
292497
300604
300836
301714
301815
300268
300269
300354
300384
301057
301320
301696
301797
299371
299459
299606
299607
290582
290592
290912
290913
291454
291494
293591
293613
293236
293237
294373
294604
294058
294183
295157
295316
295135
295245
294669
294832
300471
300933
301713
301933
299993
299994
300079
300355
301046
301101
301798
302139
299372
299834
299596
299685
290463
290464
290890
290891
291762
291948
291425
291766
293250
293320
293634
293868
292689
292690
294372
294659
294872
295043
295315
295602
295832
296275
294670
294737
294509
294831
300911
301033
301932
301967
299843
299844
300106
300761
300305
300453
301788
302317
301984
301985
299833
299945
299474
299570
290228
290229
290593
290594
291962
292055
291245
291246
291862
292053
293573
293624
293867
293879
292756
292874
292637
292638
294319
294320
294508
294668
295630
297596
296313
296682
294988
295025
301055
301164
302062
302335
300762
300819
300454
300583
301552
301858
302345
302483
302293
302470
299944
300092
299235
299236
299516
299569
290517
290518
290481
290533
292054
292106
292129
290866
291504
291878
291988
293318
293319
292494
292549
292661
292688
292597
292610
294274
294356
294161
294162
294658
294852
295425
295629
296338
296484
295082
295137
301304
301319
302061
302358
302436
302517
301538
301568
302699
302700
302280
302471
299698
299832
290479
290480
290296
290297
292188
292362
291323
291324
291667
291927
292531
292532
294303
294304
293960
294044
294603
295155
294871
294958
295424
296312
296483
297053
295094
295234
301483
301651
302236
302502
302437
302645
302545
302698
302831
302862
302715
302758
299684
299892
290338
290339
292361
292485
291254
291294
291926
292207
294302
294602
294025
294057
293623
293633
295347
295444
295156
295445
296379
297888
296609
297220
295348
295532
302216
302217
302438
302605
302845
302861
303005
302959
303436
299652
299821
290192
290193
290925
290954
291877
292018
294339
294586
294667
294736
293632
293643
295518
295745
295549
295566
296648
297196
295448
295483
302873
302891
303004
303339
303437
303608
299433
299457
290007
290008
290662
290663
290953
291184
291665
291666
294073
294334
294489
294507
294519
295797
295042
295064
295565
295669
295586
295594
296710
297252
295447
295473
303203
303318
303065
303351
299418
299886
289613
289626
290630
290661
290446
290447
294055
294056
294333
294338
294532
295233
295822
296414
295184
295577
295280
296175
295377
295877
295401
295628
297597
297711
297251
297318
295446
295472
295482
295921
303202
303271
303389
303664
303079
303850
299885
300045
289739
289740
290532
290554
293983
294039
294557
295001
295830
296203
296423
296445
295302
295744
296526
297082
295416
295831
295806
295867
297830
297938
296673
297458
295481
295550
295953
296008
303092
303307
303117
303390
303663
303808
303863
304104
289494
289495
290427
290428
293917
293918
294014
294134
294477
294556
295107
295361
296337
296575
296798
297271
295471
295796
297150
297238
295878
296080
295807
295892
295866
295939
297783
298135
295952
296081
303106
303107
303676
304067
303493
303807
303864
304179
289410
289411
290380
290381
293730
293731
293829
293830
293941
294013
294112
294182
294645
294757
295480
295643
296835
297010
296482
296812
297417
297431
296211
296323
295808
295868
296092
297030
296089
296247
304391
304839
303522
303523
303809
303837
304348
304550
290348
290349
293502
293503
294644
294666
294842
295081
295423
295564
295655
296244
296661
297105
296951
297104
297448
297828
296799
296932
296415
296543
296692
297029
296285
296558
304420
304455
303916
304242
303494
303810
304349
304392
304570
304802
290162
290163
293405
293417
293166
293167
294354
294355
294180
294181
294815
294816
295080
295125
295393
295743
297158
297250
296709
297194
297219
297294
296846
297040
296284
296314
304268
304363
304680
304867
304803
305016
289951
289952
293226
293269
293067
293068
293150
293151
294149
294150
294756
294830
295196
296188
295172
295273
296103
296593
297432
297516
296665
297218
296636
297041
296406
296527
304364
304659
304290
304340
289625
290006
289862
289863
293258
293416
292973
292974
293152
293328
294452
294453
294518
294829
295195
295232
296335
296824
295279
295548
296102
296229
297583
297731
297090
297418
296405
296512
296544
297011
304978
305137
289603
289919
289802
289803
293106
293121
293449
293563
292608
292609
293329
293378
294273
294388
293797
293828
294505
294506
295062
295063
295547
295576
296598
296862
296228
296336
297091
297195
296933
297151
296728
297054
289142
289143
293105
293214
292400
292425
292426
293040
294038
294223
293712
293713
295061
295134
295742
295876
297193
298728
296246
296352
297228
297283
297405
297471
293039
293050
293235
293346
292334
292335
292387
292388
292794
292827
293631
293854
293517
293518
295041
295093
295741
296091
297202
297270
298825
299040
296245
296358
296413
296975
296672
297358
297500
297584
292932
292933
293345
293542
292078
292145
292297
292441
293468
293469
293909
293949
293470
293519
295039
295040
295865
295891
296243
296436
297203
297780
297681
298008
299097
299157
296137
296392
297140
297217
297498
297525
297499
297876
292917
292931
291905
291925
292198
292199
292522
292560
293448
293541
293293
293309
293907
293908
295060
295320
294886
294887
296056
296257
296153
296296
296698
296982
296727
297139
297960
298302
299250
299500
296185
296542
297282
297317
296766
297569
297889
298031
292719
292720
291734
291835
291158
291159
291947
292322
292580
292744
293165
293344
292792
292793
295024
295092
295319
295546
294656
294787
294798
294799
295890
295907
296256
296311
296498
296573
297937
298519
296659
297469
297619
297974
296660
296691
298355
298467
299530
299646
296553
296592
296794
297661
298149
298866
292620
292897
292579
292607
291723
291724
291015
291016
291854
291855
292323
292512
292755
292957
292851
292852
295193
295194
294377
294450
294643
294657
295864
295889
296572
296853
297779
298076
298518
298717
297173
297302
296731
297535
298064
298468
296741
297064
298905
299311
299658
299766
296574
296983
297660
297930
298208
298241
292458
292459
291439
291617
291685
292104
292790
292791
295183
295227
294311
294312
294575
294576
295905
295906
296852
297863
298227
298335
298727
298970
297567
297864
298469
298971
296624
297028
298938
299198
296920
297249
297829
298054
297782
298042
298399
298459
298719
298779
292424
292743
291629
291765
290865
291225
291789
291801
292105
292200
292789
293038
292698
292859
295123
295124
295278
295346
294109
294110
294428
294451
295904
295938
296822
296823
299001
299002
296793
298262
297906
298179
296742
297470
296779
297303
297865
298494
298240
298601
298055
298125
298762
298808
298458
298530
298718
299109
299057
299108
292332
292333
291438
291607
291071
291072
291597
291598
292659
292660
294682
294683
295345
295479
294054
294111
294346
294347
295848
295969
296845
296890
299053
299133
297875
298380
298442
298599
297651
297682
297802
298053
298495
298865
298745
298761
299015
299124
298529
298650
299533
299916
299253
299806
292302
292493
292127
292128
291453
291640
291276
291277
290997
290998
291396
291397
291424
291519
292596
292619
294619
294716
293852
293853
295740
295917
296907
297027
299144
299220
298084
298319
298398
299122
298671
298734
297595
297827
297975
297993
297801
298105
298456
298457
298648
298649
299042
299593
299362
299396
299548
299794
299831
300004
292295
292296
291708
291788
291337
291338
290999
291030
292320
292321
292594
292595
294195
294196
294488
294715
293827
293895
293796
293809
295477
295478
296582
296583
297026
297089
299332
299483
298505
298716
298373
298936
298504
298646
299271
299395
298774
298792
296780
297568
298134
298180
297732
298124
298182
298207
299041
299445
299592
299697
299580
300234
299842
300225
300217
300697
292102
292103
291730
291780
291165
291175
290923
290924
292143
292264
292144
292187
294125
294179
294148
294197
294665
294735
293693
293694
295301
295725
295330
295331
297025
297052
297138
297357
299753
299830
298878
299361
298937
299156
298615
298647
298645
298687
299695
300195
298832
299081
296732
298065
298304
298443
298181
298688
298123
298281
298287
298367
298987
299297
299793
300224
299820
300149
299661
300042
300226
300558
292037
292066
291729
291761
291100
291101
290628
290629
291986
291987
291851
291852
293878
293940
294574
294642
293539
293540
295204
295443
295415
295724
295154
295171
296820
296821
297137
297216
297629
297936
299730
299788
298711
299071
298759
298831
299696
299729
299143
299344
297582
297781
298455
298520
298303
298366
298662
298760
298506
298664
298986
299056
299288
299648
299862
299943
299782
300670
300341
300774
292000
292001
291452
291745
291764
291853
291946
292052
291638
291639
293766
293783
293428
293457
295153
295511
295847
295951
294956
294957
295122
295133
296480
296481
297215
297269
298030
298052
300157
300316
298864
299121
299188
299455
298773
299710
299473
299482
297404
297765
298807
298833
298729
298778
299158
299174
300253
300294
299789
300428
301032
301178
291876
291924
291407
291518
291830
291831
292065
292077
291486
291487
293671
293672
293403
293404
295014
295015
295846
295979
294680
294681
296540
296541
297301
297534
298051
298148
298877
299000
299752
299827
299481
299612
297447
297693
297766
298094
298939
299014
298744
298777
299173
299252
300293
300304
300603
300613
291778
291779
291829
291422
291423
291554
291555
293665
293683
293656
293666
293317
293327
295013
295540
294878
294885
294618
294691
294600
294601
296122
296123
296390
296391
296681
297300
297581
297692
298206
298250
298969
299142
298999
299208
299942
300278
299829
299859
298104
298263
299013
299221
299107
299145
299272
299335
300381
300535
300760
300967
291472
291473
291289
291358
293493
293494
293307
293308
295101
295121
294785
294786
294475
294476
296478
296479
296350
296351
296680
297356
297551
297566
297874
298007
299369
300148
299343
299394
300117
300393
299828
299905
298122
298264
298560
298572
299171
299251
299417
299805
300438
300557
300522
300709
300710
301132
301177
291532
291533
291223
291224
293439
293630
293267
293268
295120
295170
294573
294698
294406
294407
296726
297457
297497
297515
297873
297905
298006
298261
300180
300231
299554
299605
300727
300758
299787
299904
298600
298663
299416
299512
300773
300818
300910
301085
301148
301217
291420
291421
293342
293343
293654
293655
293103
293104
295192
295627
294332
294617
294091
294092
296658
297088
297485
297486
297959
298063
298334
298598
300251
300570
299631
299683
300205
300263
299190
299191
299532
300292
300993
301131
300909
301066
301248
301536
290881
291222
293212
293213
293090
293091
295226
295244
294221
294222
293928
293929
296940
296941
297280
297281
297778
297929
298093
299566
299765
299858
300204
300352
300264
300425
299531
299712
300303
300534
301273
301424
301593
301665
291207
291208
293149
293326
292857
292858
292972
292986
295225
295231
295615
295723
293938
293939
294178
294194
293807
293808
293916
293975
296906
296939
297118
297119
297549
297550
298092
298121
299645
299709
300351
300465
300074
300571
299711
299734
301112
301303
301361
301711
301605
301751
301982
302161
292849
292850
293392
293516
295260
295510
293926
293927
293515
293538
296551
296552
296622
296623
296724
296725
297763
297764
298192
298354
299781
300147
300637
300666
300075
300542
299647
300041
301493
302159
302386
302425
292971
293138
295243
295277
295400
295692
293906
294072
293500
293501
296136
296571
296997
296998
297023
297024
297262
297263
297861
297862
298177
298178
298466
299039
300179
300690
300648
300803
300543
300691
299613
299671
300158
300181
301492
301695
302160
302233
302426
302501
292855
292856
295181
295182
295360
295601
293741
293742
294108
294318
293265
293266
293315
293316
296443
296444
296930
296931
298147
298333
297658
297659
298493
298541
300248
300569
300503
301014
300401
300416
300865
300930
299312
299313
299670
299915
300282
300340
301694
301780
302234
302435
302561
301925
302427
302562
302919
302958
292710
292854
292606
292636
295359
295458
295422
295691
293691
293692
294133
294714
293119
293120
296378
296412
296371
296372
297523
297524
298503
298660
298661
299442
300249
300593
300533
300745
300502
301013
301015
301192
300433
300692
300521
300975
301007
301376
300380
300437
300339
300402
301961
302692
302235
302469
302619
302728
301869
301983
302932
302957
302990
303270
292717
292873
292529
292530
295457
295739
293537
293612
294071
294331
293000
293001
296389
296404
297467
297468
298491
298492
298791
299120
299604
299708
300250
300288
300556
300864
300945
301064
300477
300744
301012
301100
301216
301670
300693
300852
301016
301163
300594
300650
300426
300612
302109
302152
302772
302906
301752
301753
303028
303218
302991
303219
303091
303292
292872
292930
292257
292360
292258
292263
295456
295509
293466
293467
294037
294043
294376
294427
292741
292742
298389
298397
298876
299012
299141
299170
299914
300277
299728
299764
301084
301206
300965
301005
301099
301226
301246
301271
300507
301194
300427
300436
300611
300639
302100
302424
301681
301682
301712
301955
303350
303365
303220
303337
303105
303675
292941
293021
292075
292076
292163
292164
292233
292274
295575
295626
293292
293304
293305
293306
293893
293894
294438
294599
294426
294531
292547
292548
297991
297992
298824
298956
299028
299038
299913
300003
300392
300665
299786
300054
301279
301343
300978
301244
301006
301083
301280
301435
301535
301645
301247
301287
300908
301065
301207
301318
300290
300291
302099
302215
302434
302468
301956
302190
303407
303536
303338
303421
303521
303823
292709
292896
292063
292064
291922
291923
293234
293325
292812
292813
293257
293341
293740
293782
294437
294734
292483
292484
296777
296778
298805
298806
298479
298480
299219
299310
299027
299132
300020
300893
300415
300610
300816
300833
301385
301451
301270
301342
301245
301315
301629
301630
301813
302150
301288
301631
301331
301750
300267
300435
302384
302385
301915
302162
303048
303049
303435
303848
303889
304362
292559
292593
292093
292162
291944
291945
291653
291654
293210
293211
293728
293729
294436
294641
297445
297446
298686
298710
298395
298396
298364
298365
299233
299270
298888
299026
300018
300019
300894
301063
301567
301603
301269
301420
301491
301533
301098
301147
301452
301534
301953
302036
301508
301896
300216
300281
300062
300434
302383
302595
303029
303147
303472
303849
304378
304390
292205
292206
291777
291815
291484
291485
292955
292956
293670
293698
293401
293402
294640
294733
298132
298133
298348
298349
298175
298176
299309
300017
299024
299025
300215
300391
301095
301375
301708
301749
301096
301097
301419
301450
301613
301628
301669
301868
301507
301604
300021
300022
300546
300638
300372
300373
302292
302594
302756
302889
302890
304103
304161
303640
303806
304443
304625
291541
291542
291664
291814
292870
292871
293610
293611
294631
294796
294797
295059
297990
298041
298102
298103
298301
298332
298145
298146
299308
299393
300156
300541
300223
300802
300450
300579
301747
302157
301778
302344
301779
301914
299991
299992
300581
300669
300265
300266
302649
302816
302757
302784
302800
302872
304267
304522
304658
304715
291531
291553
291418
291419
292657
292658
292739
292740
294435
294664
294955
295023
297825
297826
298225
298226
297799
297800
299331
299368
299454
299792
300262
301082
301748
301838
302051
302327
301777
301924
301913
302371
299633
299660
300708
300759
302648
302697
302918
303269
302887
303349
304419
304454
304569
304826
304761
305043
291471
291579
291243
291244
292545
292546
292318
292319
294412
294814
296730
297613
298074
298075
297903
297904
299352
299353
299453
299499
299785
300214
300261
300338
302050
302342
302060
302174
301952
302158
302231
302370
302604
299511
299547
299636
299659
300835
301302
303405
303406
302888
303027
303364
303639
304521
304610
304866
305087
305121
305177
291314
291315
292256
292262
294330
294572
297402
297403
296740
297594
299268
299269
299432
299480
300315
300464
300369
300832
302341
302498
302255
302393
301951
302105
302343
302592
302232
302433
302329
302369
302257
302815
299414
299415
299484
299632
300488
301044
301316
301423
303404
303447
303759
303915
304716
304790
305276
305358
291292
291293
294176
294177
294585
294987
296689
296690
299329
299330
299479
299903
300326
300368
300815
301042
300414
300705
300892
301109
302007
302018
302591
302618
302646
302769
302187
302528
302368
302544
302830
303236
299406
299591
299443
299444
300506
300932
301317
301650
303596
303621
303749
303958
304289
304921
304900
305225
305459
305513
294123
294124
294571
294630
297315
297316
299232
299249
299472
299544
299780
300213
300532
300814
301107
301243
300944
301225
301995
302149
302617
302655
302828
302901
302558
302647
302357
302414
303235
303661
299222
299223
299333
299334
300505
301031
303650
303662
303420
303710
303974
304093
305548
305560
294001
294090
294655
294713
299155
299187
299248
299342
299779
299941
300276
300531
300891
301400
301108
301360
301278
301351
301994
302085
302667
302733
302902
303003
302559
302770
302871
303291
299123
299172
299287
299510
299146
299189
300504
300866
301043
301130
303595
303607
303509
303847
303078
303388
304228
304427
305668
305845
293825
293826
294089
294175
298741
298742
299069
299070
299328
299413
299940
300002
300890
301418
301449
301760
301401
301515
302084
302214
302666
302967
303288
303347
302381
302382
302954
303024
302860
303146
303306
303649
299054
299055
298984
298985
300544
300545
301176
301377
303873
303973
303471
304102
303243
303244
304266
304609
304475
304503
306056
306200
293681
293682
293608
293609
299186
299327
300016
300413
301514
301746
301761
302006
301516
301950
302269
302644
302987
303023
303265
303370
303336
303433
302188
302529
303177
303241
302798
302799
303201
303434
298850
298957
300468
300469
301422
301578
303985
304241
303930
304077
304214
304389
304789
304975
293529
293530
298757
298758
299326
299427
299579
300015
300203
300689
301081
301577
301880
301796
301881
302035
302049
303022
303162
303266
303304
303647
303722
302270
302844
303075
303178
303289
303605
302797
302905
303446
303638
298775
298776
300118
300467
299975
299976
301421
301549
301664
301764
304119
304739
304377
304418
304076
304775
304801
304883
304976
305057
299184
299185
299471
299478
299578
299778
299957
299958
300260
300302
301128
301548
301879
301895
301959
302356
302059
302392
303044
303286
303054
303287
303387
303534
303470
303927
303179
303372
302886
302904
303445
303549
298743
298793
300466
300649
301649
301981
301931
302008
304740
304819
304376
304657
304998
305502
304066
304347
304788
304997
304952
305056
305120
305239
299139
299140
299777
299968
300221
300222
300324
300367
301960
302083
302422
302453
302391
302481
303285
303646
303708
303757
303371
303568
303487
304046
303957
304129
303548
303637
298561
298616
300279
300280
301648
302151
302087
302189
304339
304668
304999
305205
304252
304520
304288
304338
305055
305263
305105
305223
305303
305512
299063
299138
299967
300202
300325
300412
300087
300424
302482
302497
302254
302496
303284
303418
303673
303926
303592
303758
303871
304033
304566
305188
304263
304893
303723
303773
300233
300252
301592
301647
302413
302543
302204
302560
305302
305320
304202
304203
304304
304337
305264
305323
305015
305095
305224
305304
305795
306107
299036
299037
299589
299590
300086
300578
300105
300609
302557
302616
302253
302712
302642
302665
303861
303886
304375
304545
304567
304623
304262
305204
303805
303872
299732
299733
300232
300371
301646
301710
302203
302628
302532
302782
305319
305473
304864
304865
305322
305844
306241
306319
298840
298935
300577
300664
300680
300732
302305
302626
302727
302827
302267
302643
303132
303161
303887
303941
304737
304894
304160
304227
305274
305339
303508
303804
299731
299768
299803
299804
300370
300379
301402
301403
301709
301912
302656
302781
302783
302917
305433
305511
305321
305372
305884
305905
306320
306535
298708
298709
298934
299068
300663
300794
300943
301002
300831
300977
302754
302755
302268
302713
304817
304974
304226
304415
305471
305576
304006
304118
299767
299930
299545
299546
300089
300817
301911
301980
302814
302988
305782
305843
305877
306127
305883
306007
298540
298571
298371
298372
300470
300793
301004
301286
301054
301678
302843
302884
304622
304950
305397
305646
299841
299883
299935
300289
300088
300602
300853
300931
301762
301763
302086
302177
302989
303305
305793
305794
305878
305952
306155
306224
305748
306188
298570
298582
298020
298217
298363
298517
301003
301330
301693
302138
301894
302104
304695
304785
305053
305546
299860
299861
300601
300696
302394
302423
303164
303290
305781
305992
305746
306311
305993
306128
306488
306563
305747
306187
297639
297640
298239
298726
298259
298260
301374
301812
301910
301979
302251
302409
304694
304910
300600
300668
302531
302859
303403
303444
305577
305578
305991
306240
306486
306533
305994
306039
306427
306534
297637
297638
298204
298205
298286
298318
301373
301627
301993
302048
302252
302677
302410
302883
304336
304608
305013
305203
300667
300721
302530
302668
303547
303594
303104
303443
305828
305829
306239
306501
306487
306714
306713
306738
306426
306717
306751
306377
306787
297636
297679
298021
298022
298331
298454
300850
300851
301626
301663
302696
302711
302230
302480
300478
300772
302279
302516
302714
302829
303555
303674
303103
303694
305607
305608
306500
306586
306715
307108
306834
307162
306716
306779
297678
297751
297729
297730
300756
300757
300678
300679
301590
301591
301707
302201
302826
302856
302304
302421
300487
300966
300771
300980
302291
302627
302126
302127
302870
303145
303695
303903
303748
303789
307109
307296
306853
306913
307229
307402
306648
306680
306914
307068
297592
297593
297750
298029
297703
297704
300661
300662
301513
301532
301190
301191
301759
302495
303234
303361
302691
302953
302380
302390
300694
300695
300979
301272
302593
302734
302107
302108
302885
303047
303696
303709
304117
304213
303822
303972
307067
307081
307556
307614
306925
306951
307425
307539
306995
307163
296669
296670
296738
296739
296687
296688
296790
297761
300229
300230
301512
301576
301811
301878
303233
303303
303102
303362
302202
302213
300580
300707
301030
301193
302328
302412
301787
301814
303076
303268
304239
304251
303888
304035
307823
307824
306924
307002
307613
307628
307278
307450
296737
297953
296664
297298
296791
297580
300212
300400
299989
299990
301383
301384
301909
302148
303002
303021
303533
303588
303335
303431
300706
300834
301111
301175
302097
302098
302411
302467
301679
301680
303077
303535
303267
303580
304240
304453
304265
304588
307878
308033
307010
307586
307897
308019
307426
307427
307449
307756
298073
298362
296662
296663
296655
296656
297103
296792
297958
297355
297466
300133
300146
301241
301242
302119
302726
302147
302316
302767
302768
303532
303707
303589
303860
303064
303432
301110
301129
302106
302125
302256
302466
303163
303217
303593
303648
304519
304818
308063
308263
307009
307295
307606
307663
308245
308525
307914
308034
307332
307403
307664
308295
298174
298330
296994
296995
297087
297172
297720
297914
296722
296723
299750
299751
300145
300247
301080
301268
301992
302005
301949
301966
303720
303902
303486
303517
303073
303660
303074
303386
301839
301840
301954
302124
303636
303747
304502
304589
304930
305247
308279
308303
306949
306950
307387
307585
308332
309110
307720
308135
307333
307471
298161
298216
298347
298597
296927
296928
296633
296634
297762
297928
297299
297314
299891
299912
300314
300463
300941
300942
302420
302753
302075
302169
303901
303938
303518
304045
303836
303914
307386
307864
308432
308691
307721
307738
308247
308405
298120
298465
298696
298815
296143
296144
296981
297039
297213
297214
299643
299644
300313
300411
300888
300889
302465
302690
304075
304128
304197
304261
303492
303835
304034
304101
307372
307566
307896
307969
308460
308540
308818
308890
308198
308333
308246
308478
308557
308607
298502
298804
298933
299035
296120
296145
297201
297611
299602
299603
300312
300449
300813
300830
302464
302709
302710
303131
304074
304225
304198
304405
303491
303862
303984
304092
304130
304452
307227
307228
307565
307822
307719
308008
307694
308032
308856
308967
308635
308919
298998
299096
296386
296387
297116
297117
299508
299509
300259
300275
300754
300755
300863
301041
302732
302752
302796
302939
303264
303635
304414
304540
304441
304442
303490
304238
303928
303929
304131
304212
304518
304656
307042
307043
307563
307564
307821
308018
308171
308294
296099
296202
296621
297136
299382
299383
300072
300073
300476
300812
302795
302938
303302
303311
303802
303885
304440
304892
304472
304498
303788
303846
304264
304474
304679
304800
308062
308498
308656
308868
296031
296032
296201
296222
296596
296597
297385
297548
299325
299452
299217
299218
300287
300337
300753
300829
303020
303401
303531
303587
304439
304693
304499
304712
303845
303913
304549
304655
304825
305102
295803
295804
296079
296225
296833
296834
296859
296657
296996
297514
297612
299267
299405
300033
300034
303043
303063
303982
303983
304774
304838
304734
304949
303619
303620
303912
304065
304548
304697
305133
305175
295399
295412
295782
295783
296274
296474
296538
296539
296949
296950
296765
297680
296776
297641
299215
299216
299404
299441
303042
303200
305129
305222
304847
305100
304302
304735
304948
305101
303317
303419
303911
304021
304853
305174
305246
305318
305166
305261
295665
295666
295681
295711
296868
296888
299182
299183
303001
303041
303232
303578
304757
304758
305163
305187
304324
305316
304619
304620
304947
305119
303025
303026
303771
303772
304100
304250
305275
305301
305501
305606
305262
305537
295497
295498
295343
295455
295376
295667
296647
296860
299094
299095
302750
302751
303019
303460
303577
303690
303468
303604
305221
305355
305315
305533
305337
305544
304621
304759
302940
302941
302771
302780
304178
304653
305431
305827
305398
305647
305176
305458
294998
294999
296810
296929
299052
299062
302675
302676
302900
302931
303384
303385
303731
303981
303485
304018
305220
305245
305686
305823
305575
305624
304604
304605
302903
303046
304177
304346
304654
304852
305990
306038
304303
305103
305490
305658
294916
294917
296164
296165
296671
297062
299034
299247
302278
302303
302462
302463
302930
303130
303360
303383
303730
304139
304032
304157
304019
304089
305238
305457
305687
305775
305860
305873
305590
305904
304541
304542
302857
302858
303045
303216
304361
304652
304911
305014
305707
306308
306106
306309
304898
304899
305104
305167
305790
305970
294861
294862
294870
294883
296294
296310
296283
296400
296635
297063
298916
298955
299246
299286
302229
302379
301601
301602
302765
302766
303129
303334
303230
303231
303467
303729
304195
304360
304158
304196
305456
305470
306100
306123
305430
305605
305938
306052
306153
304473
304500
302678
302679
302916
302956
303316
303348
304667
304696
305706
306260
304714
304760
305745
305791
294850
294851
294495
294884
296226
296227
296401
296497
297237
297332
298829
298830
299285
299381
301382
301417
302580
302581
302249
302250
303215
303229
304073
304585
303466
303787
304603
304756
304373
304618
305528
305604
306144
306547
306145
306238
304199
304200
304586
304848
302499
302500
302955
303242
304951
305054
304678
304851
306425
306438
304568
304738
306280
306310
305432
305792
294731
294732
295936
295937
302033
302034
304666
304816
303464
303465
303900
304003
304062
304773
304891
304323
304755
304374
304413
305603
305789
306221
306611
306546
306629
306333
306549
304201
304606
304972
305068
302175
302176
303315
303363
304287
305173
305069
305300
305547
304387
304388
304849
304850
306461
306778
305627
305628
305862
306199
295624
295625
295392
295413
304863
304946
304539
304754
304099
304224
304996
305012
305822
305903
306256
306401
306862
306963
304063
304064
304973
305131
305130
305298
302122
302123
303314
303606
305299
305489
305626
305826
304048
304049
304786
304787
306341
306460
306597
306876
295391
295640
295530
295531
295441
295442
295414
295862
304945
304963
304602
304909
304127
304223
305821
305950
306423
306527
306910
306962
303939
303940
305132
305151
305297
305486
302120
302121
303312
303313
305536
305919
304020
304047
304882
304897
306340
306585
306630
307025
306993
306994
295390
295805
295468
295469
295344
295356
295863
296033
305118
305202
304087
304088
304426
305162
305622
305623
306099
306152
306424
306548
306644
306645
307038
307219
303519
303520
305083
305084
305273
305338
305499
305645
305744
306125
303488
303489
304325
304896
306334
306532
306786
306866
307107
307202
295256
295257
295258
295259
295784
295844
305313
305314
305219
305685
304086
304222
304497
304753
305201
305485
305454
305455
306143
306301
306172
306173
306222
306223
306583
307121
307218
307385
303540
303541
303507
304543
305437
305500
305776
305825
305728
306485
306124
306154
304286
304895
306306
306307
306531
306663
306890
307008
307370
307515
295169
295314
295118
295119
295719
295720
295845
296012
305574
305842
304221
304260
304496
304649
305382
305859
306142
306497
306584
306591
307150
307161
307511
307555
303833
303834
305438
305510
305396
305824
306033
306053
306126
306146
305876
305989
305764
306279
304713
304824
306530
306679
306891
306966
307538
307605
295000
295117
295313
295440
294944
294945
295011
295012
295794
295795
296013
296034
304259
304404
304471
305082
304862
304890
305872
305918
305966
306171
306643
306812
306612
306813
307853
307967
307536
307645
303803
304004
305317
305559
306034
306174
305689
305690
306459
306712
304546
304547
307040
307331
307863
307877
294983
294984
294504
294517
294985
294986
295371
295772
296100
296422
304403
304692
304995
305067
305011
305774
306169
306170
306911
307220
307735
307873
307734
307966
307754
307861
303691
303692
304005
304140
305545
305591
306035
306101
306181
306482
305688
305875
306458
306499
306750
306930
304516
304517
307041
307055
307862
308293
307895
308089
294502
294503
294783
294784
294544
294929
296101
296367
296121
296869
304691
304815
305436
305705
305117
305683
306073
306186
308209
308243
308106
308186
307581
307602
307755
307767
303693
303721
304141
304159
305592
305874
305723
306102
306562
306735
305656
305657
306596
306647
306776
306785
306964
306965
304515
304624
304416
304417
306931
306932
307066
307371
307814
307841
308459
308588
308151
308352
294813
294828
294496
294516
294596
294597
294770
294771
296463
296475
296135
296146
304647
304648
304814
304846
305667
305932
305722
306141
305684
305902
306255
306422
308302
308484
308195
308278
307512
307513
307874
308017
303579
303590
304501
304607
305356
305357
305861
306074
305724
306195
306573
306922
305418
305780
306595
306889
306777
306798
307023
307024
304236
304237
306892
306893
307490
307527
308458
308587
308643
308889
308152
308589
294594
294595
294352
294353
294286
294295
294772
295038
296476
296889
304285
304845
306096
306298
305721
307184
306185
306253
306072
306571
306300
306774
308553
308604
308194
308277
308074
308485
303469
303591
304544
304784
306196
306697
306572
306734
306928
306929
305727
305779
306594
306775
307007
307022
307131
307250
304090
304091
307225
307226
308606
308833
308966
308988
307705
308330
308834
309099
294404
294405
294474
294569
296477
296861
304284
305081
306180
306793
306278
306297
306097
306098
306299
306470
306619
306628
308641
308964
308605
308739
307660
307661
308348
308573
308075
308129
303402
303461
304565
304736
306197
306257
307039
307259
305625
306021
306593
306621
307130
307201
307330
307351
308523
308524
308918
309098
309053
309371
308331
308644
294371
294434
294279
294280
294487
294570
296388
296811
305080
305150
306032
306122
306419
306570
306456
306695
306254
306420
308983
309032
309336
308740
308814
307328
307329
308347
308640
308076
308077
308196
308620
304587
304650
305725
305726
306302
306498
307314
307603
307221
307247
305472
305488
306620
307123
307368
307646
307200
307350
307277
307424
307369
307470
308351
308373
308917
309166
309421
309500
294294
294301
294253
294254
294555
294598
296376
296377
305149
305260
305841
305871
306121
306455
306678
306763
306762
306773
305762
306421
306469
306561
309335
309350
308652
308813
304651
304920
306303
306402
307313
307420
307604
307810
305487
305535
306737
306784
307122
307249
307662
307840
307423
307627
307802
307940
308816
308817
309230
309633
309610
309803
294087
294088
294616
294697
296368
296369
305354
305498
305870
305931
306277
306511
306618
307080
306437
306445
306590
306696
309473
309594
308786
308876
308867
309187
306403
306457
307537
308031
308058
308167
305534
305778
306613
306736
307489
307626
308079
308150
307803
308110
309302
309753
309634
309998
309839
310902
294070
294174
296370
296402
305532
305858
305243
305244
305930
306006
306887
307106
307118
307186
306641
306642
309419
309440
309593
309715
308785
309002
306358
306592
307291
307419
308056
308057
307704
308059
305164
305165
305777
305951
308078
308431
308170
308455
307813
307941
309301
309694
309848
309849
309413
309478
310153
310450
296295
296435
296403
296570
305496
305497
304970
304971
306005
306276
306961
307510
307185
307273
307119
307779
306796
306861
309406
309441
309992
310041
308701
308702
309094
309629
306359
306550
307312
307418
308108
308474
308006
308148
305085
305086
305743
305969
308430
308631
308456
308642
309141
309300
309693
310083
309860
310058
309569
309734
310170
310294
296053
296054
305160
305161
307554
307625
307274
307289
307401
308312
307120
307326
306999
307037
309459
309595
310095
310277
310042
310329
308585
308586
309121
309458
306574
306851
307417
307780
308107
308453
308475
308726
308131
308402
305763
305968
308349
308350
308706
308744
308457
308632
308987
309034
309542
309543
310082
310645
310084
310314
295902
295903
296055
296068
307939
307965
307384
307580
307448
308551
308313
308451
307275
307416
309596
309650
310094
310135
309944
310345
310346
310361
308346
308417
309120
309365
306575
306852
307006
307151
307693
308211
308473
308653
308741
309015
308109
308132
308454
308539
305967
306055
306404
308789
308986
309081
309787
308633
309250
308728
308729
308949
308965
309913
310012
310644
310814
310399
310612
295828
295829
295916
296088
296322
296411
308073
308103
307468
307938
308552
308602
308452
308538
309692
309815
310040
310070
310608
310800
310362
310654
308326
308327
309119
309847
306304
306305
306863
307065
308210
308262
308689
308725
308742
308743
309051
309264
308133
308134
308654
308727
306054
306105
308788
308832
309214
309477
309801
309859
308634
308690
309997
310057
309985
310779
310479
310611
295668
295690
295641
295642
295721
295722
307731
307937
308700
308937
308603
308784
309816
309993
310069
310212
310515
310524
310557
310655
308208
308242
309138
309247
306833
307187
307421
307768
308130
308290
308704
309188
309410
309651
308815
309052
306104
306175
308831
308985
309837
310150
310780
310955
310478
310954
310966
295573
295574
308102
308372
307911
307912
308812
309456
310344
310372
310523
310900
310525
310828
311141
311417
310609
310656
308104
308105
309155
309364
306711
306764
307582
307612
307801
307968
308703
308877
309263
309366
309673
309732
309202
309283
306103
306198
308496
308497
308984
309033
309802
309838
310151
310526
310583
310754
311018
311111
295470
295499
308087
308128
308401
308450
308724
308763
309457
309496
310370
310371
310934
311258
310875
311083
311142
311236
310657
310712
307681
307682
309137
309609
306483
306484
306646
306747
307781
307839
308007
308088
309262
309409
309752
309817
309229
309674
306036
306037
308329
308705
309097
309140
309946
310152
310584
310937
311112
311268
295357
295358
308416
308914
308619
308688
309497
309591
309955
310438
311404
311405
311110
311513
311300
311370
310494
310688
307981
307982
309136
309714
309691
310186
306814
306873
306528
306529
307736
308168
309408
309672
309733
309911
305988
306077
308291
308292
309338
309443
310987
311249
311302
311337
308415
308550
308981
309014
309592
309751
309954
310437
311205
311416
311446
311684
310642
310674
307851
307852
309077
309078
309783
310118
306797
306864
306075
306076
308197
308244
308169
308476
309407
309420
309800
309994
309784
310119
308149
308328
309476
309526
309442
309461
311113
311269
311449
311904
308601
308738
309076
309210
310435
310436
311589
311756
311368
311369
307347
307348
308963
308982
309799
310039
306874
307469
308314
308404
309386
309498
309910
310096
310149
310189
308060
308061
308387
308477
309556
309786
309460
309568
311356
311450
311487
311592
311903
312077
308599
308600
308874
309093
309246
309398
311707
311943
311755
311787
310953
310985
307327
307346
308875
308938
309836
309858
306875
306991
308403
308522
309156
309157
309384
309385
309525
310187
310188
310278
310379
307875
307876
307984
307985
308386
308556
309880
309996
309555
310120
311165
311497
311544
312042
311463
311622
311854
312627
311796
311902
308571
308572
309383
309814
309492
309891
311794
311808
312013
312149
307276
307290
308669
308670
308948
308962
309835
310038
306992
307054
308555
308655
308915
308916
309945
310845
309984
310254
307811
307812
309995
310179
309541
309632
311693
311887
311498
311639
312031
312204
311795
311969
312030
311192
311213
308569
308570
309382
309750
310037
310776
309514
310117
311822
312086
312202
312233
306920
306921
308384
308385
308830
308903
309834
309991
306888
306912
307222
307422
308554
308787
309930
310313
310398
310631
310255
310347
307583
307584
310191
310363
309474
309475
311774
312032
312574
312607
311176
311638
309117
309118
310210
310293
309472
309493
312203
312234
312491
313083
312232
312441
308261
308345
310056
310081
306258
306259
306865
306923
307248
307349
307514
307913
308888
309079
310675
310812
307293
307294
309972
310213
309499
309598
312324
312573
309050
309092
310209
310292
309494
309515
312387
312570
312557
312591
312440
312453
307732
307733
310055
310080
306748
306749
307737
307983
309095
309322
310986
311098
307292
307367
307223
307224
310542
310691
310214
310380
309369
309370
309912
310011
312347
312772
312507
312572
310312
310413
309495
309589
312605
312644
312504
312797
308002
308003
308004
308005
310238
310253
309096
309367
309785
310043
310558
311032
311260
311447
306979
306980
307000
307001
310543
310935
310503
310690
309337
309597
309212
309213
312733
313110
312969
313109
309941
310711
310168
310169
309590
309627
312306
312606
312520
312693
308016
308147
307799
307800
309368
309539
310500
310689
311259
311282
310936
311163
311387
310560
310813
309314
309315
312734
313012
313133
313265
313179
313305
310775
311016
310068
310079
309628
309833
311187
311188
312870
312982
308193
308260
309248
309249
309567
309878
311335
311371
310829
310862
311575
311637
310559
310847
309189
309540
313180
313230
313178
313287
310477
310556
311097
311281
309554
309671
309908
310211
311067
311068
312869
313048
309203
309211
309675
310010
309879
310024
311861
311945
310863
311144
311608
311767
310846
310901
309164
309165
313571
313748
312967
312968
313304
313763
310476
310582
309909
310224
310983
310984
312718
312828
313176
313225
310071
310136
311862
311916
311944
312053
311336
311516
311609
311741
312076
312662
310501
310502
311006
311085
309139
309284
313589
313647
313339
313684
313465
313764
310475
310539
310964
311066
310225
310252
312321
312768
313319
313534
313303
313419
310190
310610
312087
312928
311527
311528
312177
312281
311164
311591
312091
312456
312678
312702
310777
310778
311100
311143
309016
309017
309412
309631
313705
313779
313717
313731
313908
313989
310538
310809
311121
311248
309942
310434
312604
312658
313302
313338
313420
313702
310449
310643
312088
312245
312280
312541
311610
311725
312335
312363
311099
311386
309003
309080
309411
309630
313730
313798
310753
310899
311004
311296
311445
309943
310629
310493
310738
312427
312428
313224
313356
313357
313401
312267
312471
311823
311824
312307
312345
311825
311932
312732
313022
311174
311515
313882
314222
309929
310360
311295
311414
311147
311766
310630
310860
312278
312279
313195
313196
313400
313824
312246
312659
312362
312542
312344
312730
312798
313229
313405
313791
311175
311671
311514
311636
313896
314071
309940
310628
310310
310311
311435
311540
311148
311606
311965
312218
310980
311317
312200
312201
313835
313952
312247
312371
312830
312945
312505
312645
312927
313036
311672
311901
310373
310374
311635
311656
314118
314455
311162
311754
311607
311784
312175
312370
312231
312503
310981
311297
311415
311526
312012
312148
314027
314102
311981
312150
312871
312914
312944
313093
312266
312388
312983
313165
312014
312041
310330
310348
311372
311448
311574
311692
314240
314349
311753
311928
311785
312085
312517
312569
312010
312024
312516
312781
312073
312626
314220
314374
311917
311918
312151
312282
312872
312929
313020
313263
313107
313645
313177
313540
312129
312406
311224
311225
311691
311931
314239
314268
311670
311886
311786
312176
312568
312980
312814
312963
311820
311821
314219
314431
314375
314543
311899
311900
312815
312816
313358
313451
313241
313790
313262
313746
312492
312523
311930
311961
314379
314713
311793
311885
312198
312452
312979
313091
312782
312942
313144
313260
311724
311840
311203
311204
314439
314542
314691
314727
311212
311590
313359
313402
313602
313646
313261
313391
313463
313812
312506
312677
311809
311983
314378
314921
311883
311884
312126
312127
312717
312867
312943
313146
313145
313773
313297
313554
311352
311655
311997
312040
311383
311384
314438
314881
314360
314361
314742
314918
311353
311354
313132
313421
313857
313867
313813
313933
312334
312731
311984
312372
311982
312025
314221
314252
314546
314672
311882
311964
312752
312796
313212
313336
313774
313968
313617
313728
311298
311299
314188
314373
314570
314949
314950
315063
311301
311318
313049
313226
313923
314117
312783
312817
311968
312115
312128
312429
314251
314348
314671
315496
311853
311860
312023
312426
313729
313775
314006
314250
313727
313853
311139
311140
310810
310811
314046
314101
315011
315043
314951
315179
315062
315361
311033
311084
313034
313035
314157
314326
312948
313228
312114
312153
312571
312647
314347
314442
311839
311881
313776
313810
314058
314114
311122
311211
313893
313894
314667
315010
315180
315257
310876
310877
312997
313092
314389
314544
312966
313167
312152
312522
312661
312753
314237
314238
311690
311723
314136
314454
313988
314187
310982
311082
313822
313823
315405
315462
314979
315512
314631
315291
312829
312895
314712
315013
313570
313588
312074
312075
312521
312543
312947
313037
311186
311683
314437
314978
314453
314541
313921
313922
314186
314359
310861
310874
313522
313997
315645
315646
314569
315256
315315
315406
315258
315316
315104
315131
313607
313838
311739
311740
312310
312660
313021
313094
311146
311553
315041
315151
314540
315008
313833
313834
314358
314372
313744
313745
315647
315770
314933
314956
315407
315659
314632
315132
315130
315341
311573
311708
311542
311543
312323
312346
313149
313227
315040
315360
314666
315152
314539
314690
315007
315061
313519
313967
313521
313644
315806
315807
314910
314932
315700
315772
315133
315602
315012
315103
315601
315701
311190
311191
310540
310541
310279
310280
312322
312771
313404
313569
315359
315404
314955
315009
314537
314538
313478
313479
313337
313374
315843
315957
314777
314805
315771
315844
315773
316070
315134
315280
315408
315845
314763
314911
315600
315662
316071
311189
311541
312770
313605
313587
313762
315403
315656
315129
315178
313630
313743
313300
313301
314411
314412
315904
316160
316089
316337
314980
314981
314376
314405
315661
315984
316104
316267
311149
311355
312769
312832
313604
313704
313606
313869
313525
314286
315718
315790
315042
315443
315188
315599
313568
313832
313213
313533
314264
314265
315902
315903
316374
316411
314982
315342
314190
314413
316023
316252
316187
316339
311005
311385
312876
312946
313814
313827
313858
314165
314310
314894
315803
316010
315901
315983
314931
315120
315461
315495
315372
315427
313552
313553
313147
313148
313555
313663
316444
316537
314957
314958
315382
315679
313855
313856
316022
316034
316243
316528
316340
316506
310965
311017
312875
312897
313836
313906
314328
314838
314298
314414
315840
315982
316169
316311
314711
314741
315657
315658
313317
313318
312891
312892
312893
312894
313586
313866
316186
316628
316681
316884
314959
315218
315774
316090
313854
314189
315660
315719
316338
316505
316722
316908
316507
316699
312308
312309
312896
313199
313907
314028
314329
314415
314884
314895
314441
314482
315699
315945
316494
316503
314469
314470
313163
313164
312361
312767
313601
313777
316756
316813
316932
317103
314597
314598
315819
315958
313811
313969
315632
315633
316376
316800
316979
317151
316482
316571
312454
312455
312831
312965
313837
313955
314503
314795
314440
314744
314764
314837
315402
315509
316654
316742
314283
314284
313033
313090
312469
312470
312827
312868
316790
316953
314599
315023
313523
313524
315481
315620
316375
316698
316801
316977
317066
317365
316572
316673
312964
313069
314327
314377
314743
314893
315314
315358
316947
317088
316741
316837
314285
314325
312779
312780
312199
312519
312165
312166
312826
312981
316789
316823
314952
315105
313761
314170
315463
315464
316721
316867
316978
317040
317137
317189
316529
316573
316700
316775
312873
312874
313108
313603
314139
314205
315150
315202
315494
315598
317112
317135
317102
317804
316836
316931
314218
314471
312657
312795
311966
311967
312518
312625
312011
312111
316773
316774
316952
317334
314778
314779
315165
315343
313716
313826
315303
315304
316720
316885
317188
317473
312333
312646
313166
313264
314977
314990
317299
317354
317089
317136
316930
317017
317221
314137
314138
312642
312643
311958
311996
311959
311960
317018
317414
315166
315292
313556
313557
313825
313905
314669
315480
315081
315082
316527
316539
316898
317050
312592
312593
313198
313452
314891
314892
317434
317584
317113
317149
316525
316526
317016
317455
314115
314116
312539
312540
311929
311942
317065
317570
314793
314794
314642
314670
313904
313953
314668
315203
314595
314596
316445
316468
316538
316629
316897
317092
312442
312443
313197
313403
314403
314404
317688
317747
316784
316785
317170
317536
316335
316336
316996
317015
317523
317569
313480
313481
317064
317496
314266
314267
315680
315846
315064
315167
316141
316142
317281
317321
312112
312113
313559
313632
317721
317722
316655
316656
317171
317278
316276
316289
317014
317087
313462
313520
316883
317187
317511
317748
315847
315959
314919
314920
317280
317555
317691
317911
312089
312090
313558
313631
313747
313895
317781
317968
317279
317413
315997
316009
316995
317039
313642
313643
316787
316788
317186
317320
317881
317981
314882
314883
317600
317627
317947
317995
313320
313321
313664
313703
317969
318133
317967
318073
317150
317472
315788
315789
317086
317535
313298
313299
316657
316658
317880
318007
314472
314473
317650
318232
313464
313778
313618
313619
318304
318518
317090
317091
317689
317901
317085
317471
313222
313223
316593
316594
316495
316504
318006
318184
317749
318009
313868
313954
318305
318323
318358
318425
316997
317401
317708
317831
318183
318222
317084
317101
318257
318290
318008
318041
318324
318640
318999
318271
318315
316948
316949
317690
317782
317866
318272
318306
318541
316604
316605
317100
317400
318316
318606
318057
318380
318359
318381
319000
319090
316771
316838
318440
318656
317200
317648
318126
318127
318402
318479
318641
318779
318796
318797
319165
319320
316569
316570
317199
317495
318713
318866
318571
318572
319166
319235
319319
319541
316458
317185
317184
317298
317554
317615
318885
319091
319121
319147
319261
319560
319559
319633
316223
316753
316928
316929
317674
317687
318886
319010
319168
319263
319134
319305
319561
319590
319260
319422
319700
319715
316442
316443
316772
316998
317737
317768
318851
318852
319262
319515
319606
319844
319133
319271
319574
319799
319910
320021
316242
316324
316786
316882
317746
317793
319272
319352
319465
319646
319489
320109
319075
319076
319909
320089
316265
316266
317994
318125
319466
320077
320243
320122
320242
318849
318850
320108
320284
316011
316159
318112
318124
320321
320348
318847
318848
320283
320410
315972
316033
318182
318517
320421
320523
318814
318828
315923
315936
318181
318337
319954
320422
319952
320612
318071
318072
318827
319054
315841
315842
318336
318399
319955
320807
320439
320536
319953
320975
319924
320611
318465
318466
319146
319337
315677
315678
315737
316066
318398
318456
320262
320302
319940
320755
320989
321092
319951
319979
319145
319164
315510
315511
315537
315538
316067
316625
318655
318956
320123
320124
321035
321119
320726
321245
320830
320939
319120
319132
319295
319395
315189
315190
316068
316069
316626
316755
318654
318745
321167
321366
320853
320929
319368
319605
315153
315154
315804
315805
316012
316047
316627
316642
316754
316950
321510
321807
321070
321229
319488
319734
314991
314992
316951
316976
321855
321909
321244
322025
314429
314430
317063
317355
322149
322272
321260
321290
322054
322248
317585
317649
322271
322444
322273
322336
321575
322382
317616
317910
322609
322698
322360
322383
321558
321707
321727
322562
322775
322745
322805
322384
322590
321961
322322
320627
320628
322869
323050
322385
322458
322710
322735
321946
322006
322487
322964
322979
323065
322488
322723
322734
322980
321547
321557
322005
322201
322503
322776
320928
321049
322247
322311
322299
322300
322777
322838
320754
320776
322423
322608
321808
321809
322639
323168
322927
323155
320380
320381
322422
322457
322978
323260
321708
321728
322504
322746
323222
323315
322535
322638
323099
323388
323261
323357
321614
321615
322337
322519
322839
322852
323221
323262
321898
321899
322637
323232
323509
323658
323389
323404
321422
321524
322263
322681
322853
322917
323461
323555
323314
323670
323733
323903
323434
323608
321326
321327
322264
322424
323511
323686
323297
323417
323840
323944
323624
323810
321050
321120
321218
321291
322178
322179
322489
323510
323609
323274
323275
323841
324037
323659
323734
320950
320951
321992
322150
323799
323842
323273
324016
324060
324152
323735
323861
320831
320832
321882
321962
323812
323862
323154
323259
324236
324308
319925
319926
321840
321947
323811
323945
323122
323135
323416
323481
324382
324582
324309
324468
320469
320537
321684
321685
323958
324169
323083
323084
323541
323875
324404
324594
324694
324772
320303
320304
321405
321406
323957
324134
323007
323153
322732
322733
323568
323580
324666
324803
320244
320263
320185
320186
320305
321317
321318
321388
321525
324217
324237
322851
323313
323220
323244
322358
322359
323775
323902
324665
324730
319761
319762
320674
320675
321548
321665
324254
324458
322803
322804
322309
322310
322237
322262
323931
323932
324824
324940
319701
319735
319674
319883
320990
321002
324252
324253
324457
324555
322743
322744
322117
322134
324036
324072
324881
324904
319607
319608
320930
320931
324583
324614
322696
322697
322040
322041
324294
324572
324903
325013
319148
319149
319514
319702
320842
321015
324613
324990
322589
322903
321745
321746
324327
324419
324571
324680
324914
325012
319338
319369
319966
320777
321071
321134
324543
324790
325032
325081
322297
322298
322948
323374
321726
321854
321448
321574
324494
324504
324823
324892
324913
325174
319214
319296
319433
319542
320489
320490
320778
320833
324420
324554
324867
324868
325100
325303
322287
322335
323373
323607
321345
321346
321289
321404
324186
324187
324939
324997
324801
324802
318923
318924
320363
320382
319980
320756
324251
324296
325373
325579
321775
321776
323623
323721
321048
321099
321189
321228
324091
324092
324989
325011
324771
324800
318777
318778
318901
318957
320139
320148
323826
323827
324295
324336
325413
325599
325578
325867
321738
321739
323720
323892
320867
320885
321033
321034
324059
324151
325065
325508
318690
318691
319911
319912
324825
324826
325431
325745
325560
325577
321613
322039
321287
321288
323930
323956
320817
320818
321014
321091
324015
324071
325080
325650
318400
318401
319845
319884
319490
319885
324773
324804
325430
325463
325727
325854
320896
320897
323914
323969
325099
325866
318074
318075
319665
319666
324595
324596
326251
326396
325685
325686
325911
325966
320454
320455
320806
320886
323808
323809
325098
325131
318204
318205
319562
319563
324573
324574
326250
326288
325660
325687
319965
320420
320106
320107
320609
320610
325118
325130
318165
318166
319215
319216
324469
324470
324479
324495
326275
326358
325688
325689
320020
320038
320500
320501
325129
325894
319135
319136
324061
324062
326357
326389
319825
319826
320361
320362
325116
325117
319055
319056
323893
323894
326439
326481
319663
319664
325115
325128
318815
318816
323863
323864
326480
326509
326541
319393
319394
319617
319632
325097
326023
318426
318427
323800
323801
325428
325429
326526
326617
319176
319177
325030
325031
325544
325598
326738
326926
319053
319074
324996
325147
324798
324799
326737
326786
319089
319213
325186
325372
324766
324770
324755
324756
326248
326249
326785
326817
319088
319163
325761
325762
326910
327118
326908
326909
327302
327303
326879
327072
327384
327436
326857
326892
327512
327525
325558
325559
326856
327166
327666
327932
326816
326867
327194
327583
326837
326855
327732
327802
326355
326356
326854
326891
327854
327950
325812
325813
326853
326890
326925
327003
328013
328085
327907
327951
325706
325707
326889
327071
328014
328146
328229
328669
325725
325726
327089
327404
328096
328230
328228
328338
325557
325568
327088
327377
327882
327883
328380
328436
325530
325531
326990
326991
328170
328516
328183
328435
325425
325494
326888
327048
328720
328819
325994
325995
327070
327403
328875
328891
325988
326024
327110
327145
327301
327801
327365
327376
327364
327402
327383
327789
326286
326287
327500
327949
326238
326239
327556
328012
327539
327555
327028
327064
327665
328084
326923
326924
327649
327906
326755
326756
327648
327800
326671
326723
327568
327592
326413
326414
327401
327475
326388
326412
327233
327234
326317
326318
326304
326305
