219191
218944
218945
218847
218848
218935
219127
218582
218594
218849
218850
218200
218201
218413
218414
218694
218695
218653
218882
217729
217730
218065
218098
218215
218216
218583
218739
218946
219086
217559
217560
218276
218415
216970
216971
218048
218077
218400
218401
216291
216292
216744
216766
217968
217981
217959
217982
218402
218696
216273
216274
217980
218178
217983
218010
218757
218905
216234
216379
215685
215686
217943
217967
217708
217709
218011
218217
215551
215552
215504
215582
217664
217682
217561
217720
217454
217597
218012
218140
218277
218584
215116
215117
217242
217243
217634
217635
217434
217435
217598
217599
218066
218115
214954
214955
215031
215032
217215
217254
217596
217665
217288
217344
214767
214768
217024
217100
216337
216338
216912
217058
216785
216786
216464
216482
216518
216519
216352
216391
216275
216414
216392
216465
216255
216256
216220
216221
216176
216177
216466
216898
216070
216071
215430
215431
215584
215585
216100
216101
216442
216467
216882
217002
215349
215583
215471
215472
215399
215567
216443
216582
217003
217142
215348
215536
214919
214934
215586
215886
216583
216625
216745
216883
214891
215074
215747
215837
216363
216415
214828
214829
215473
215474
215892
216222
216306
216558
214678
214868
214416
214490
215228
215229
215432
215957
216426
216468
214660
214726
214338
214339
214127
214169
215486
215487
216102
216117
216200
213879
213880
214311
214570
213842
213974
214126
214455
215433
215450
213321
213322
213278
213420
214113
214114
214571
214679
213516
213564
214074
214207
214454
214677
215230
215231
215968
215969
213035
213036
212840
212841
213119
213120
213671
213929
214528
214529
213480
213591
214725
214769
215095
215148
215970
216223
213018
213019
212686
212699
212673
212674
213077
213293
213658
213672
214456
214457
213075
213076
214724
214867
215172
215182
212899
212900
212418
212419
212919
213009
213641
213975
213059
213206
212647
212648
214658
214659
214956
214957
215400
212217
212218
211989
211990
212508
212543
213545
213576
212800
212821
212541
212542
214452
214453
214808
214809
214742
214837
215451
215738
211910
211939
211955
211974
211911
211912
212440
212441
213020
213078
213577
213673
212714
212715
212820
213074
212467
212468
214548
214549
214644
214645
214830
214831
215452
215520
215664
215729
211814
211847
211678
211679
212360
212383
213674
213697
212438
212439
213073
213292
212035
212036
214144
214145
214312
214313
214284
214340
215587
215588
211723
211724
212260
212275
212051
212052
212273
212274
211937
211938
214252
214253
214380
214611
215589
215665
211370
211371
212146
212147
211987
211988
212033
212034
211636
211637
213912
213913
214612
214743
215537
215538
215718
215806
211144
211145
211300
211548
212137
212148
211646
211647
211532
211533
213407
213453
213843
213950
214832
215453
211019
211020
212149
212276
211408
211409
211330
211331
211320
211321
213251
213268
213405
213406
213746
213747
213951
214381
214833
214935
210852
210853
210897
210898
211124
211125
211163
211017
211018
212716
212717
213930
213952
214391
214417
214920
214936
210665
210666
210854
210867
210636
210637
210933
210954
211143
211164
210478
210479
210887
210888
212687
212822
213931
213932
214937
215061
210213
210214
210550
210551
210855
211085
210464
210465
210158
210159
210513
210514
212118
212119
212823
213149
213933
214036
215062
215183
210110
210111
209694
209695
209590
209591
209172
209173
210480
210680
211068
211225
210391
210392
210302
210303
211991
212219
212026
212296
212718
212773
213207
213252
214016
214093
215011
215033
215184
215388
209522
209523
209541
209542
209140
209141
208474
208475
210334
210393
210747
211126
211226
211301
210239
210240
210255
210256
211797
211798
212001
212002
213188
213364
214094
214220
215012
215350
209161
209162
209223
209224
208749
208750
208332
208333
209658
209659
210748
210811
211258
211273
211069
211086
209891
209892
210052
210053
210054
210055
211662
211699
211385
211386
211868
211869
211848
212138
212956
212957
214232
214233
214970
215265
209080
209171
208311
208312
209190
209191
208621
208622
208189
208190
208191
208192
209625
209660
211274
211372
209898
209910
209929
209930
211437
211438
211627
211638
211761
211893
212868
212869
212901
212971
214234
214341
214892
215013
208895
208896
207833
207834
208967
208968
208156
208157
208092
208093
209661
209841
211275
211352
209811
209812
209829
209830
211353
211387
211070
211071
211054
211055
212636
212637
212972
213169
214342
214428
208804
208805
207439
207440
208806
208807
207686
207687
207980
208054
209428
209429
209842
209876
211210
211211
209424
209425
209760
209761
209539
209540
211127
211128
210812
210813
210889
211003
212484
212485
213170
213323
214343
214530
207963
207964
207301
207302
208488
208489
207527
207547
208055
208253
209225
209226
209762
209851
210175
210615
209383
209384
209396
209413
209307
209308
209427
210856
210899
210416
210417
210599
210600
211004
211227
212297
212298
213365
213465
214531
214661
207662
207663
206716
206717
208331
208357
207888
207889
208254
208423
209208
209209
209117
209174
209562
209592
209106
209116
209334
209385
209079
209093
210383
210467
210162
210163
209843
209844
210909
210910
211228
211388
212235
212236
213481
213565
214532
214572
207065
207066
207163
207164
206465
206466
208070
208071
208993
208994
209593
209594
208747
208748
208769
208770
209386
209426
208915
208916
210160
210161
210466
210515
209524
209525
210552
210601
211410
211549
212053
212054
213496
213720
206618
206619
206292
206362
205851
205852
207965
207966
208751
208752
208969
209094
208600
208601
208140
208141
208824
208825
210481
210482
213482
213659
213826
213856
206464
206518
206361
206398
205469
205491
205411
205412
207835
207836
208873
208874
208508
208509
208780
208803
208486
208487
210164
210165
213351
213352
213642
213730
206059
206095
205312
205313
207664
207665
208439
208440
208441
208442
210092
210130
212973
212974
213279
213366
213712
213721
205879
205880
205098
205114
204909
204910
207566
207567
208345
208346
207961
207962
209831
209832
210075
210793
212509
212510
212888
212920
213294
213421
205467
205468
204876
204877
207405
207406
207830
207831
207848
207849
209662
209663
209813
210370
212384
212385
212801
212802
212921
212958
213150
213253
213422
213627
204742
204833
207185
207186
207502
207503
207832
207922
209511
209512
209526
209931
210371
210823
212316
212317
212870
212871
213121
213122
213408
213483
204650
204651
207014
207036
206989
207015
207360
207361
207699
207700
209479
209543
210372
210495
212180
212181
212933
212934
204430
204444
206575
206576
206990
207067
207263
207300
207231
207232
207698
207767
208898
208899
209443
209513
210496
210602
211913
211914
212037
212086
212220
212221
204299
204300
206340
206363
206439
206482
206921
207103
207299
207457
207133
207195
207516
207517
208838
208897
208934
208935
209514
209644
210638
210667
211498
211499
211572
211573
212064
212150
212153
212238
205781
205782
206467
206483
206822
206823
207387
207565
207487
207488
208936
209095
209626
209899
211956
212065
212003
212300
205327
205328
206484
206639
207196
207336
208720
208721
209070
209142
211604
211605
212066
212237
205051
205052
206178
206179
206640
206825
207110
207149
208523
208524
208574
208585
209126
209192
212067
212151
204834
204835
206096
206111
206826
206977
206884
206904
208158
208159
208458
208459
209193
209361
212152
212299
205990
205991
206805
206824
207858
208193
208027
208028
208255
208256
209362
209414
205853
205926
206598
206599
207548
207549
207421
207422
208095
208150
209499
209645
205572
205573
206425
206559
206463
206491
207518
207794
207923
207924
208194
208540
209500
209544
209696
209932
205284
205285
205909
205910
206168
206169
207244
207319
207709
207769
207869
207870
208151
208195
209722
209746
209965
210009
205870
206004
205798
205799
207197
207198
207768
208026
207740
207741
208196
208460
209723
210036
210035
210198
205710
205780
205637
205638
207037
207038
206746
206747
207631
207632
208056
208094
207489
207519
208057
208058
208510
208511
210076
210730
210315
210442
205658
205659
205354
205368
205622
205660
206961
206962
206963
206964
206705
206748
207617
207666
207279
207280
207362
207374
208007
208112
208525
208901
210077
210199
210731
211165
210316
210654
205174
205223
205639
205661
206827
206853
206222
206277
206630
206631
206938
206939
207245
207246
207890
207891
208526
208689
208900
209387
210200
210373
210775
210825
205136
205137
206868
207165
206040
206041
206869
206870
207233
207264
207837
207838
208690
208902
210176
210247
210824
211021
204832
204847
206852
206867
205943
206061
205820
205821
206653
206654
207199
207215
207818
207850
208623
208624
209035
209118
211036
211287
204606
204607
206851
206905
206060
206294
205711
206127
206560
206737
207216
207247
207839
207906
209036
209194
204547
204722
204412
204413
207104
207303
205836
205837
206293
206400
205685
205686
205722
206028
206077
206440
206441
207375
207376
207907
208059
209037
209051
209309
209444
204373
204389
204358
204414
207318
207388
205598
205599
206399
206504
205492
205493
205881
206112
205871
205872
206401
206442
207871
207892
209007
209127
209445
209563
204250
204251
204388
204466
204344
204345
205557
205640
205413
205414
206364
206468
205415
205416
205314
205393
205723
205783
205371
205372
206278
206279
207908
207909
209128
209347
209664
209781
204288
204443
205369
205370
205339
205340
205224
205225
205315
205329
205712
205713
206280
206389
207910
208072
209129
209163
204232
204233
205269
205270
205175
205176
205140
205226
206249
206485
207651
207652
208060
208126
209038
209052
203912
203913
204234
204252
205138
205139
204814
204911
205099
205141
206113
206443
207348
207349
207579
207580
208160
208358
204277
204908
204836
204837
204745
204746
204980
204981
206005
206097
208161
208207
204253
204608
204703
204704
204705
204744
204652
204653
204982
205046
206006
206042
208290
208387
204235
204236
204743
204761
204327
204328
205018
205069
205494
205495
205992
206007
208291
208443
204198
204671
204673
204674
204074
204075
205373
205374
206043
206234
208444
208554
204108
204237
203977
203978
205250
205271
206044
206718
208575
208723
203902
203903
204238
204429
203711
203712
203916
203996
205070
205071
206008
206045
208541
208735
208722
209096
203616
203617
203657
203658
203140
203141
203601
203618
205944
205945
206009
206062
208407
208408
208839
209348
209258
209310
203556
203557
203580
203914
203544
203976
202999
203000
203602
204278
205447
205448
206063
206577
208359
208360
208840
208970
209335
209480
203229
203230
203915
203995
203476
203583
203450
203467
205330
205331
206010
206281
206600
206749
208724
208771
202929
202930
203827
203828
203408
203409
203468
203946
205053
205054
205611
205612
206314
206492
206750
207055
208772
208826
202779
202780
203752
203848
202972
203393
203193
203206
203394
203395
204849
204850
205375
205376
206315
206655
202755
202998
203465
203497
202951
202952
203407
203582
202627
202628
203293
203294
203363
203917
205286
205287
206180
206181
206751
206871
202571
202572
203349
203350
202544
202739
203581
203784
202517
202545
203049
203050
203918
204032
204793
204794
205200
205201
205946
205947
206752
207111
202541
202723
202267
202268
202738
202894
203829
204157
202295
202296
202803
202836
203872
203873
204175
204239
204582
204583
205784
205800
206719
206753
207217
207442
202149
202188
202737
202851
202269
202297
202837
202932
203785
203786
203713
203959
204359
204581
206519
206520
207218
207363
207441
207770
201951
201952
202893
203276
201991
201992
202518
202519
203960
204199
204360
204522
207771
207795
201590
201643
201318
201392
202882
202892
202355
202356
204200
204390
201559
201799
201137
201138
201393
201420
202891
203275
202235
202236
202030
202031
204158
204219
204416
204631
201239
201240
200636
200637
201408
201560
202802
202881
203466
203559
202165
202166
201432
201433
202013
202649
204632
204735
201175
201238
201110
201190
200417
200418
201111
201205
202626
202648
203558
203871
202118
202270
201299
201300
201953
202080
202740
202973
204736
204848
200508
200548
201204
201886
200251
200252
200361
200509
202647
202931
203543
203632
204049
204174
201811
201812
201112
201298
200995
200996
201813
201838
202804
202895
201156
201368
199927
199928
200398
200462
203656
204008
204050
204120
204415
204672
201738
201739
200898
200899
201663
201664
202805
202865
200768
200769
199706
199707
200311
200312
203531
203542
204007
204119
200792
200808
201301
201319
202974
203096
200596
200635
200207
200208
200209
200210
200442
200463
201095
201096
202988
203058
200052
200053
200634
200827
200928
200929
201041
201042
202119
203059
203207
200004
200157
199991
199992
200826
200948
200362
200363
199993
199994
200883
201486
202106
202150
203250
203371
199448
199469
199800
199839
200973
201713
200253
200344
199905
199906
200611
200949
202167
202340
203277
203674
199264
199265
199468
199506
200882
200994
201737
201837
200054
200055
199819
199820
199470
199471
200583
200597
202168
202341
203231
203295
199009
199010
200790
200791
201015
201696
201736
201950
202187
199864
199865
199736
199737
199311
199400
200464
200465
202342
202689
203296
203364
198862
198972
198663
198664
200536
200537
201014
201259
202186
202373
199633
199657
198952
198953
200313
200431
202169
202170
202690
203051
203365
203410
198556
198557
198341
198342
198574
198932
200359
200360
200993
201094
202417
202828
199370
199371
199631
199632
198691
198700
200169
200170
200443
200612
203498
204051
198486
198520
197588
197589
197958
197977
198933
199196
200141
200239
200167
200168
201093
201174
202416
202543
199112
199113
199326
199327
198521
198522
198692
198693
199941
199960
200613
200717
203499
203584
198257
198258
197439
197440
197978
198232
199863
199959
201173
201419
202542
202688
198950
198951
198973
199012
199110
199111
198064
198065
199767
199768
200770
200974
203585
203753
196899
196900
197567
197568
198394
198439
199704
199705
199958
200140
201485
201910
202702
202912
198776
198777
198575
198620
198936
198937
197979
197980
199714
199715
200809
201370
203754
203892
196727
196749
197358
197359
197465
197605
198440
198503
199485
199486
199589
199630
199926
200051
201484
201810
198441
198442
197590
197591
199424
199425
200771
200930
201369
201434
203659
203660
204159
204289
197067
197068
197466
197467
198558
199089
199108
199109
199446
199447
200050
200139
201447
201516
201836
202029
198156
198157
199328
199401
199247
199248
200380
200399
200931
201139
201545
201644
203500
203501
203661
203830
196763
196764
197305
197360
198559
198689
199072
199073
198916
198917
200166
200547
201515
201783
199182
199372
200171
200182
200932
201191
201752
201839
203278
203279
203644
203755
196574
196575
197323
197736
198719
198836
199071
199386
198885
198886
198649
198688
200165
200582
198756
198757
199373
199472
200718
200741
201280
201421
201840
201934
203297
203298
203756
203849
196264
196274
196289
196290
197306
197343
198720
199011
198835
198949
198282
198283
199990
200067
200752
200881
198259
198260
198701
198702
199387
199449
200661
200719
201517
201753
202014
202032
196123
196124
196182
196265
196750
196751
197288
197781
198619
198665
199090
199181
198915
198997
198175
198197
197898
198002
200066
200310
200767
200927
198066
198137
198013
198014
198621
198721
201518
202374
202015
202298
195877
195878
195997
196082
196587
196616
197219
197398
198666
198786
199197
199325
197916
197917
197628
197762
199989
200003
200766
200807
197799
197800
197918
197981
198112
198113
198722
198837
201487
201754
202520
202546
195840
195841
197099
197100
197494
198012
198787
198934
197761
198001
197549
197550
197646
197647
197670
197671
201302
201371
201755
201954
202650
202691
196821
196822
197495
198033
198935
199152
197604
197627
197249
197250
197237
197238
197441
197442
197606
197648
201714
201867
196617
196618
197236
197251
198063
198155
199153
199537
197286
197287
197626
197813
197172
197218
197206
197239
196433
196434
197122
197551
198111
198598
197880
198079
196803
196804
197069
197070
196159
196160
196161
196162
197025
197026
197552
197814
198690
198774
197879
198136
196522
196748
196614
196761
196784
197027
197941
197959
198775
199042
197735
198000
196485
196486
196204
196248
196762
196837
196664
196665
197625
197697
196273
196653
195899
195900
196143
196144
196947
197003
196291
196292
196505
196537
197303
197304
196026
196027
195758
195759
195837
195838
196975
197066
195732
195733
196538
196880
197023
197024
195925
196203
195557
195558
195650
195817
196976
197322
196293
196395
196881
196948
195731
195791
195342
195343
195876
196039
196977
197156
196205
196206
197028
197205
195039
195089
195253
195254
195772
195773
196122
196181
196708
196709
197157
197438
196028
196064
197029
197529
197204
197782
194685
194686
195088
195181
195135
195136
195609
195610
196523
196615
195760
195761
196065
196083
196978
197004
195075
195161
194855
194856
195461
195774
195530
195531
195532
196084
196183
196979
197252
195057
195074
194483
194484
195220
195221
195163
195164
196085
196275
196785
196786
194642
194643
194318
194410
194450
194451
195021
195022
195775
195040
195041
194893
194910
196040
196057
196689
196882
194228
194229
194216
194217
194393
194485
194262
194263
194192
194193
194857
194858
194909
194951
194505
194506
194753
194754
195971
195972
196674
196690
193949
193950
193824
193825
194787
194949
194411
194412
194563
194564
195716
195717
195973
196112
196691
196863
193889
193978
193308
193309
193644
193658
193725
193726
194467
194468
194950
195090
194026
194027
195533
195534
196619
196710
192956
192957
193410
193411
194194
194195
194876
194907
192971
192972
193289
193326
193864
193865
194908
195462
192803
192804
193327
193704
193607
193608
194716
194717
195651
195839
192557
192558
193200
193274
194687
195255
195695
196056
192450
192641
192212
192247
192990
192991
193290
193586
194525
195256
192065
192066
192077
192116
192788
192789
194433
194434
191922
191923
191814
191815
192714
192715
193963
193964
194242
194452
191863
191884
191542
191639
192716
192896
193705
193706
194045
194046
191385
191386
191883
192076
191350
191351
193922
194047
191837
191838
192197
192246
191155
191186
193659
193660
194069
194469
191677
191678
192263
192287
191042
191043
193645
193646
194025
194048
194503
194689
191447
191448
192262
192323
190750
190824
190875
190876
193133
193134
193291
193157
193365
194504
194788
194688
195002
191247
191335
190218
190219
190563
190636
192992
193040
193135
193184
194375
194435
195058
195424
190841
190842
190333
190334
190656
190825
192689
192690
192805
192806
194436
194822
190693
190694
190677
190855
190101
190102
190843
191011
192409
192498
192559
192583
194296
194345
194928
194974
190676
190771
190618
190678
189737
189770
189803
189804
190844
191101
192324
192325
192213
192214
192584
192935
194297
194376
194975
195425
190345
190346
190770
190804
190504
190505
189514
189515
189371
189372
189805
190001
190695
190736
191102
191321
192161
192162
192043
192138
192359
192360
193011
193292
194346
194394
194929
195023
190070
190275
190899
191058
190253
190254
189369
189370
189070
189071
190002
190103
191483
191839
191640
191679
192288
192289
193012
193057
195024
195162
189944
189945
190274
190364
190898
191041
190217
190242
189296
189344
188814
188815
189851
189928
190187
190477
191322
191388
192139
192163
192958
193082
189850
189895
190789
190790
191140
191227
189768
189769
189068
189069
188675
188696
189929
189946
191302
191303
191387
191656
192027
192028
192067
192215
192936
193609
189471
189485
191139
191246
189067
189333
188850
188851
191073
191074
191075
191076
191576
191655
191719
191720
191903
191945
192897
192920
193707
193979
189065
189066
189389
189513
189022
189212
188187
188204
188695
188720
190708
190709
191012
191077
191365
191366
191417
191418
191946
192095
192898
192899
188764
188765
188717
188718
189484
189562
188848
188849
187832
187833
188469
188470
190478
190479
191059
191228
191840
191864
192878
193486
188416
188452
188719
188882
187553
187554
188205
188206
190255
190365
192807
192825
188238
188239
188673
188674
187940
187941
190084
190085
192808
192826
188083
188084
187133
187134
189806
189835
189706
189725
192827
193215
187964
187965
189174
189175
189726
189836
192699
192717
193247
193558
188930
188944
189005
189137
189837
190276
192676
192700
193569
193750
188766
188767
189023
189044
189771
189896
188644
188829
188176
188297
189897
190576
188610
188611
188063
188064
188298
188561
189791
190156
188560
189004
188222
188223
187644
187645
188177
188207
189581
189582
188403
188417
188009
188010
187344
187345
187416
187487
188040
188085
189516
189838
188388
188739
187897
187898
187037
187038
187268
187269
188086
188279
189334
189335
189839
190071
188174
188175
188402
188852
188977
187498
187499
187008
187009
187074
187075
187966
188065
189084
189255
190072
190086
188062
188241
187354
187355
187737
187738
188895
188896
189256
189472
190188
190256
187642
187643
188240
188333
188721
188722
188782
188830
190189
190324
187555
187770
188628
188629
187267
187299
186971
186972
187298
187353
186854
186855
186795
186954
187352
187576
186360
186361
186661
186662
187266
187383
186281
186402
185989
186243
186605
186679
186401
186513
185630
185631
186259
186260
186318
186770
185404
185555
185556
185767
186187
186188
185156
185157
185405
185406
186173
186644
185032
185092
184574
184703
185067
185284
185897
185949
184596
184597
185091
185196
184500
184501
184953
184954
185912
186128
184499
184526
185090
185213
184637
184638
186145
186622
184250
184251
184613
184750
184131
184217
183985
184050
184728
185214
183756
183757
183237
183588
