76798
76863
76933
76684
76952
77009
76702
76552
76975
77593
77279
77654
76614
76797
76862
77573
77844
77574
77575
77846
77886
76775
76796
77810
78039
77845
78025
77887
78059
76739
76760
77828
77907
78159
78594
78160
78497
77621
77655
78117
78161
77964
77979
78099
78100
78647
80049
78231
79991
78517
78568
77504
77505
77656
77758
78118
78341
77905
77906
78646
78773
80048
80367
78230
78868
79990
80421
78542
78693
77382
77576
78342
78595
78323
78541
78885
79428
80090
80614
80403
80729
78229
78405
79092
79139
79953
80457
80632
80652
78774
79514
77594
77908
79185
79212
78309
78310
78884
79560
80089
80386
80651
80707
80745
80999
78854
78991
79138
79210
80498
80730
80653
80747
79536
79537
78009
78138
79159
79467
79211
79691
78958
79410
79793
80672
80746
81020
81104
81596
79172
79493
80861
81127
79894
80532
78176
78177
79468
79794
80110
80189
79041
79348
79910
79989
80671
81297
81209
81651
81597
81892
79184
79335
81105
81402
80109
80236
78255
78543
79412
80050
80387
80479
79535
79601
80670
81515
81340
81364
79183
79319
81186
81426
81401
81858
80127
80208
78256
78343
80404
80581
79820
80068
79639
79640
81631
81701
79060
79618
81668
82513
81845
82345
78344
78667
80580
80673
80069
80260
82074
82580
79411
79952
81828
81915
82344
82765
78775
78946
80748
80785
80366
80915
82145
82146
81829
82096
82199
82219
82907
83155
78947
79584
80749
80800
80799
81341
80916
81061
82167
82653
81752
81753
82119
82417
82218
82789
80938
81517
81342
81549
81062
81473
82120
82267
82484
82553
82972
83449
81516
81560
81298
81534
81632
81813
80689
80690
81474
81533
82973
83523
82677
82931
82377
82463
81079
81299
81652
81916
81812
82405
80613
80839
81810
82376
83123
83138
83540
83828
82809
83086
82014
82325
81941
82538
82421
82823
80595
80971
81811
82118
82447
82861
83468
83492
84188
84334
83156
83288
81754
81755
82326
82581
82824
82882
82420
82862
83087
83541
82951
83085
84097
84429
84404
85050
82974
83242
82992
83202
82418
82419
82908
83450
83469
83506
83999
84646
84453
86808
84403
84931
85350
86276
83203
83264
83263
83331
84036
84765
87525
87578
84930
85588
85614
86844
83507
84057
83371
84285
84035
84259
84766
84847
87416
87486
87645
87752
84793
85246
85762
86320
87099
87348
84274
85533
84848
86612
88101
88537
85245
85613
87098
87397
85532
85693
84849
85004
86611
87127
88370
88538
88505
88558
84645
85244
85612
85881
86041
86772
85026
85267
86517
86976
87646
89349
88834
89027
88557
88666
84273
84627
85243
85816
85440
85441
85957
85991
86040
86062
84906
85205
86063
86406
88125
88712
89379
89917
88833
88893
84082
84083
84576
84745
85367
85491
86020
86491
86061
87067
85351
85393
86165
86321
89097
89710
90161
91114
89916
90069
88877
89005
83827
83938
83939
83940
84525
84764
86690
86825
86039
86666
87301
87812
85548
85817
86570
86809
90554
91098
90356
91333
91201
92115
90068
90084
89313
89506
83669
83857
83036
83409
84763
85003
86826
87016
85976
85977
86540
86689
88099
88122
85615
85818
87349
87462
87128
87275
90555
90786
91150
91289
91537
91865
91288
91481
92114
92316
90135
90746
89505
90409
82952
83035
84257
84258
84982
85242
87274
87577
86644
86843
88140
88556
85304
85305
85740
86218
87753
87847
91026
92044
91334
92267
92144
92195
91959
92113
90106
90231
89378
89526
90461
90708
83798
83855
83754
83856
85159
85331
87889
88100
86842
87097
88121
89432
84454
84486
85268
85718
86277
86460
87754
88082
91243
91961
92299
92526
91373
91776
92786
93141
92143
92298
90248
90521
89003
89004
90431
90432
90882
90990
83689
83690
85121
85204
85366
85413
88123
88335
86709
87415
88058
88241
83560
83561
85719
86087
86518
86541
88142
88194
91960
92196
92637
93339
93125
93462
92297
92355
90050
90051
90691
90969
90857
91449
90082
90083
83447
83448
84867
84884
85667
85692
88124
88141
86591
86665
87396
88782
88168
88407
83372
83373
86571
86945
88195
88713
92831
93463
92660
92988
93367
93596
93461
93595
91502
91603
90856
90934
91501
92600
89732
89733
84523
84524
85666
85928
86664
86756
87395
87673
88980
89002
88167
88892
88431
88947
82932
82933
86946
87178
88736
88894
93481
94582
92689
92720
93078
93318
94062
94325
93460
94219
93672
95155
91536
92063
92636
92785
89642
90134
83964
83998
85927
86405
87369
87394
87327
87848
88714
88715
88948
89165
94015
94089
94633
94808
94063
94311
94499
94733
95154
95235
92062
92100
92573
92688
89605
89606
90133
90247
85690
85691
87393
88240
87868
88083
88690
89217
89164
89195
94500
94541
95173
95357
94016
94176
94443
94707
92061
92435
92784
92969
89160
89161
90380
90898
87300
87888
88486
89028
88612
89548
89162
89163
89216
89350
94734
94833
93673
93674
94425
95063
92458
92659
92748
93097
89069
89569
90491
90773
90881
91404
89166
89218
89070
89098
89480
90136
94939
95156
92457
92750
92919
92920
92686
92687
93252
93866
90989
91113
90772
91352
89219
89314
89588
90287
90327
90991
94938
95638
95196
95639
92749
93366
93531
93551
92897
93027
93278
93338
93867
94061
91286
91287
91149
91803
90706
90707
88371
88981
89380
89527
90187
90556
90992
91244
94864
95518
95667
95777
95668
95802
93573
93832
93140
93279
93382
93671
93572
93868
94088
94401
91801
91802
90553
90745
87915
88030
89381
89659
89734
89960
95637
95842
96044
96519
95697
95819
93594
93974
93304
93317
93693
93996
94248
94887
90429
90430
87647
87648
88169
89029
89683
90250
90249
90288
95900
96060
96201
96202
96518
96665
94125
94218
94400
94424
94247
95153
94905
94937
90408
90880
87500
87501
88336
88789
90381
91176
96372
96397
96203
96399
96464
96465
96780
96781
94274
94863
94442
95131
95219
95696
95035
95464
90269
90270
90879
91403
87370
87417
88820
89121
90492
90647
91175
91267
96398
96497
96779
96851
94350
94498
94980
95195
94441
94658
95015
95234
95991
96141
90132
90160
90612
91148
91775
92026
86866
86867
91555
91657
90648
90950
91309
91450
96949
97296
96921
97254
95194
95427
94216
94217
95266
95578
95251
95875
95992
96369
96140
96308
90355
90428
91147
91242
86845
86889
86407
86408
91658
91729
91656
91752
97001
97112
97295
97400
97029
97417
94013
94014
95517
95577
95610
95967
96396
96495
96564
96565
90988
91025
91308
91937
91659
91777
91895
92197
91706
91938
97440
97645
97439
97644
96850
98298
93754
93755
95636
95899
96580
96920
96607
97164
91024
91448
91402
91633
92266
92416
91391
91392
91730
93756
92506
93080
97961
98172
98006
98121
96624
96625
96089
96223
97091
97194
91023
91200
91864
92296
92475
92616
90251
90271
91245
91268
91707
91804
93099
93574
97940
98051
98277
98741
98215
98287
96566
96828
96112
96463
97294
97708
97216
98004
89819
89820
90272
90328
92027
93253
93079
93896
97775
97802
98321
98769
96370
96371
90329
91077
94126
95079
93060
93167
94108
94203
98987
99073
96339
96904
90308
90382
91451
91556
93166
93203
94177
94809
94249
94501
99452
99453
96242
96496
96948
98005
90383
90709
91452
91823
93098
93368
94834
95016
99451
99474
99420
99777
96113
96114
96947
97028
90710
91078
91453
91580
93425
94046
94835
94889
95198
95496
99342
99746
99709
100205
99398
99528
96090
96200
90672
90673
91805
92948
93423
93424
95197
95519
99733
99775
99710
99776
100270
100362
96199
96685
90289
90290
91824
92403
92947
93100
93422
94045
95669
95901
99190
99450
100043
100099
100271
100713
96717
97052
89944
89945
92858
94810
92946
94965
92832
92833
94220
94888
96061
96225
99160
99161
99448
99449
100042
100136
100230
100295
100980
101381
96684
96803
97460
97693
89767
89768
93951
93997
95722
95737
96224
96852
100272
100460
101423
101585
97723
97903
89570
89735
94275
95579
94018
94452
95758
96062
96243
96309
96922
96952
101584
101695
95580
96244
94017
94351
95113
95199
96091
96205
96466
96951
96953
97234
100828
100927
101716
101877
96286
96520
95157
95267
96204
96341
96950
97071
97255
97520
100895
101072
101876
102006
96287
96342
95465
96400
96340
96567
97139
97776
101071
101380
101790
102507
102029
102282
96539
96688
96142
96267
97962
98025
97777
98158
100894
100957
101694
101739
102728
103020
102283
102557
96540
96569
96744
96971
96310
96568
98255
98577
101738
102160
103019
103420
102574
102696
96570
96719
97113
97297
96626
96905
98216
98236
98623
98883
102183
102396
102729
102912
96311
96401
96745
96853
97379
97522
96686
96718
102159
102320
103112
103113
96268
96269
97418
97647
96687
96829
97002
97165
103492
104542
97725
97831
97195
97521
103491
104059
104579
104605
97779
98122
97235
97616
97599
97671
104058
104468
104376
104827
104783
105049
98145
98217
97236
97484
97724
98144
103949
104310
104253
104543
105066
105462
98278
98578
98143
98691
103787
103848
104544
104668
105589
105590
98279
98444
98624
98940
98070
98099
98823
99011
103493
103745
105588
105732
105965
106080
98941
99508
98052
98142
99012
99258
103206
103207
105731
105906
105709
105846
106144
106311
99475
99712
97744
97745
98141
98844
99622
99747
102889
103276
105729
105730
105996
106464
105895
106114
106312
106416
99656
99985
97565
97566
98026
98098
99681
99893
100067
100437
102575
102576
106463
106704
105762
106051
106944
107005
99623
99639
97140
97141
97646
97778
98197
98256
100536
100565
102452
102858
106915
106943
105411
105412
106052
106313
106945
107047
107046
107822
99574
100100
100537
101009
102284
102285
107024
107723
105361
105362
106053
106081
107823
108179
99575
99799
100516
100538
101187
101313
101923
101948
102258
102397
107023
107611
105067
105099
106294
106874
108256
108302
99800
99965
101186
101924
101349
102134
101120
101121
102398
102577
106972
107173
104580
104606
106295
107376
106946
107082
108255
108333
108431
108669
99986
100273
100899
101040
101975
102075
101350
101809
102135
102321
100896
101494
102606
102697
106174
106175
107172
107576
106270
106494
107136
107342
108432
108692
108930
109533
100068
100411
101974
102286
100900
100929
101810
102097
102427
102730
100614
100615
101495
101833
102826
102878
105442
105490
106914
108004
105591
105656
106646
106805
107577
108117
107913
107914
108693
109009
108929
109178
100069
100274
101808
102237
101674
101791
102428
102641
102759
102992
100231
100232
100461
100462
101834
102114
105211
105212
106750
106942
103950
103951
105592
105896
106806
107112
108231
108303
109010
109113
109703
110207
99937
100044
100476
100566
101496
101497
102236
102578
101596
101925
102642
102913
99964
100015
100475
100958
105098
105190
106941
107424
103788
103789
105413
105463
106705
106726
107113
107298
109011
109144
110029
110925
110230
110674
101122
101123
101673
101741
101471
101472
103044
103349
100463
100496
104667
104760
106891
107196
103559
103560
105388
105464
106727
106832
107322
107869
110003
110028
110926
111570
110675
110694
100897
100898
101740
102533
101382
101397
103021
103132
103614
103637
104577
104578
104739
104740
106414
106415
107195
107375
102827
102828
105068
105069
107891
108276
110002
110072
110927
111284
111645
112984
110648
110649
100646
100647
101696
101878
102788
102961
102806
102879
103663
103823
104466
104467
106269
106413
107374
107496
104932
105336
107851
108005
108277
108609
109553
109778
110071
110589
111418
111774
111644
111732
113096
113114
110622
110742
100390
100849
102914
103133
103586
104114
104024
104329
104425
104426
104157
104158
105844
105845
107111
107260
107511
107912
104494
104521
105337
105683
108278
108646
108608
108645
109267
109268
110647
110979
111775
112367
111731
112132
113259
113439
110231
110258
110903
111049
100345
100363
100791
100928
103114
103131
104113
104724
104443
104870
103770
103771
105587
105792
106803
106804
107983
108301
104159
104160
105733
106369
108647
108951
109115
109504
108865
108866
110646
111004
112368
112427
112180
112366
113260
113440
113438
113799
110004
110005
110957
111093
100206
100207
101000
101160
104079
104161
104802
105022
104871
105191
103635
103636
105239
105240
108576
108607
103129
103130
104111
104112
105634
105684
106370
106398
108449
108577
109012
109116
109114
109437
109759
109807
108928
109224
108544
108545
111123
111185
112369
112456
112632
112656
113441
113778
110928
111028
99573
99711
100137
100159
101008
101270
104078
104545
105271
105710
105050
105134
102960
102991
105161
105441
104738
104759
108606
109061
107083
107114
108046
108047
108648
108952
109418
109503
109760
109981
109806
110127
109310
109702
111146
111773
112428
112429
112655
113124
113232
113233
113800
113819
99343
99344
99678
99867
99679
99680
101007
101142
103952
104060
105908
106627
105213
105657
102824
102825
105440
105633
108515
108644
109112
109142
107084
107541
108048
108180
109225
109226
109534
109704
110101
110128
110157
110393
109309
109382
111048
111092
113166
113211
113115
113125
113843
113892
98964
98965
105907
106145
106647
106781
105909
106054
102679
103536
102318
102319
105439
105761
108489
108490
108986
109143
109324
107085
107174
110102
110314
110178
110605
110418
110743
111071
111164
113465
113543
114089
114234
106648
106947
106780
106916
106055
106751
102678
102695
103662
103702
102257
102350
105585
105586
108332
108834
109008
109060
109362
109363
109935
109936
110368
110829
110677
110850
111163
111417
113466
113999
113542
113842
114284
114472
106948
106973
105867
106465
101897
101898
101806
101807
107911
107963
108833
109090
109452
109532
110571
110695
110676
111006
114019
114233
112678
112679
113841
113998
114376
114817
107115
107299
105563
105564
106495
107006
101647
101648
101692
101693
107763
107764
107890
108003
109111
109308
109451
110206
109959
110155
111005
111419
114326
114471
112653
112654
113575
113594
114064
114232
114357
114652
114914
115314
107323
107578
105338
106115
107197
107798
101159
101215
107109
107110
108002
108430
110205
110741
110156
110588
111555
111599
114327
114505
112455
113231
114325
114865
113969
113970
114653
114713
107343
107542
107543
107915
105997
106563
100789
100790
101158
101379
106801
106802
110126
110282
110740
111046
110644
110645
111571
111754
111624
112057
114530
114936
112034
112035
114375
114712
115241
115352
113820
113821
114765
114915
107690
107870
105465
105466
106564
106875
100360
100361
110871
111047
111522
111598
111556
111600
112370
112505
114531
114682
112010
112011
114740
114850
115240
115472
115353
115693
112817
112818
113442
113443
114683
114684
115094
115889
107965
108516
104669
104670
106271
106807
107008
108334
100117
100135
111122
111554
111597
112133
111601
111646
112548
112957
114354
114355
114851
115474
115239
115916
115732
116354
114654
115027
115189
115519
107964
108305
108517
108694
104546
104547
106116
106117
106833
106917
107007
107216
100041
100344
111647
111836
112547
112729
112985
113234
114356
114571
114852
115092
115473
116850
114788
114935
116055
116200
114413
114414
115667
115864
108304
108408
108806
105734
105735
106918
107612
107215
107765
100013
100014
112986
113126
115093
115402
116870
117124
114431
114432
116623
116662
115668
116228
115918
116435
108835
108892
105100
105272
106669
107009
107691
107766
107984
108049
99912
99936
99373
99638
113127
113144
115665
115968
114353
114374
116800
116963
115644
115694
116355
117152
116520
116573
108805
109013
109062
109091
104629
104630
106314
106670
107086
108006
107985
108156
99592
99593
98822
98864
115666
115818
116013
116297
113967
113968
114373
114447
116887
117199
116356
116721
109383
109505
103849
103850
104607
104725
106056
106057
107087
107324
108025
108578
108157
108470
99527
99892
98373
98478
115819
116157
116407
116464
114044
114045
114412
114529
109678
109961
103172
103173
103882
104189
104913
104933
108026
108072
108738
108867
99473
99507
115709
115917
116519
116547
113489
113541
113921
113922
114528
114739
109679
109808
109960
110520
103085
103187
103537
103561
104190
104235
104934
105339
108257
108471
108893
109036
99472
99774
116753
116888
113210
113330
113288
113289
114372
114504
114738
114966
109809
109982
109901
110158
110606
110795
102760
102761
102962
102963
103242
103664
104236
104699
105363
105910
109035
109063
116815
117149
112815
112816
115026
115577
109485
109597
110103
110129
110980
111217
102238
102454
102508
102509
103208
103209
104648
104700
105340
105491
106330
106649
109438
109577
117200
117528
112565
112591
112773
112774
115046
115091
115578
115692
108836
108837
109598
109733
110474
110521
111095
111756
111218
111358
101949
101950
102453
102607
102579
102608
104701
104726
109419
110030
109706
109854
117358
117739
112245
112246
116036
116075
108670
108785
111094
111755
111359
111480
102211
102212
104727
104963
109269
109364
110259
110572
109705
109832
109855
110283
117738
117815
112178
112179
116035
116661
116156
116406
111776
111812
104444
104522
104991
105763
110284
110315
109831
110073
110369
110623
117843
117867
111870
111871
115758
115863
116641
117250
111901
112506
104191
104237
104992
105214
110285
110929
110650
110796
117905
117930
115862
116353
117301
117302
111839
112406
112612
112634
104935
104964
105241
105341
110260
110370
110651
110797
118229
118278
114994
114995
116405
116885
117357
117648
112407
112488
112775
112864
110371
111331
111096
111147
118302
118436
118279
118406
114965
115025
116352
116869
116886
117555
117300
117717
117791
117954
112489
112613
112863
113036
112865
113061
110343
110344
111301
111669
118457
118922
118349
118767
114680
114681
116121
116227
117249
118253
117609
118125
117716
117929
117792
117841
118052
118173
112680
112681
112862
113369
113399
113544
110316
111481
111300
111650
111670
111947
118970
118999
117868
117869
118768
119160
114606
114607
116226
116640
117248
117647
118254
119101
117928
118023
117842
117955
118563
118645
112748
113007
112633
112657
113290
113714
113595
114000
113691
114187
110261
110262
111693
111946
111671
111716
118998
119310
117763
117993
119161
119311
114324
114527
115986
116120
117180
117356
117671
117904
118562
118718
119072
119502
112749
112794
112566
112847
114262
114380
113692
113801
109937
109938
110104
110394
111692
112086
111966
112897
111733
112319
118997
120091
119435
119682
117586
117587
117994
118126
119375
119635
113670
113671
115423
115424
116119
116199
117355
117608
118172
118380
119073
119410
119543
119711
112795
113331
112343
112371
114261
114379
114741
115579
109779
109833
110454
110573
111872
112045
118921
119131
120090
120277
119846
120137
117125
117126
117969
118053
119658
119847
113437
113727
113656
113657
116351
116546
118663
118689
118405
118480
118870
118871
119433
119454
119733
119936
112471
112592
113444
113545
111837
111838
114394
115028
114685
114916
115580
115628
110744
111097
118920
119182
120298
120479
120480
120641
117085
117095
118054
118055
119659
120058
113726
113946
113142
113143
118765
119159
118766
118949
119434
119975
119732
120089
119937
120679
111984
111985
112593
112730
113802
114188
113370
113779
111648
111649
115047
115069
114686
114818
118894
118951
120276
120527
121138
121542
120779
121269
117060
117096
117995
118197
119636
120016
120299
120589
113328
113329
114210
114605
113005
113006
113123
113165
118277
118301
118950
118969
120015
120297
119657
119809
111945
112044
112567
112568
114263
114358
113332
113596
111478
111479
114891
114937
115258
115475
114608
114609
118664
118665
121202
121331
121707
121867
121270
121474
116964
116965
117556
117557
119102
119103
119938
119939
120321
120364
120642
120805
114209
114371
112652
112714
118255
118256
120320
120588
111757
111758
112058
112161
114448
114506
113597
113893
111329
111330
114377
114378
115315
115695
115476
115939
121201
121380
122153
122899
117009
117010
117558
117740
118895
118971
119940
120059
121119
121185
114393
114634
112130
112131
120639
120680
111387
111388
111389
111390
114610
115242
113186
113212
113923
114189
115890
116373
116122
116941
122154
122362
117150
117151
119877
119976
121476
121591
111810
111923
112009
112426
120640
120733
111186
111240
115332
115376
113008
113097
113780
113844
114381
114449
116372
116521
116123
116574
117011
117970
121475
121663
121988
122927
111045
111091
111898
111983
111868
111869
120568
120569
121038
121816
115331
115497
115477
115940
112635
112636
114473
114507
116575
116772
117086
117220
117971
118381
121818
122061
121989
122483
123344
123370
110604
110794
110870
111044
111867
111965
111811
111899
121039
121166
121815
122436
115478
115560
112658
112866
114532
114866
114450
114867
116801
116831
117395
117931
118407
118487
121817
122010
121928
121990
122615
122813
123345
123762
123369
124386
110539
110540
111121
111416
111964
112207
111730
111900
121378
122152
121738
121927
122857
122898
115865
116722
114917
114938
114415
114433
114892
115167
116802
117335
117394
117649
118104
118350
118845
119049
121139
121140
122814
122978
124719
124736
123318
123453
124385
124735
110496
110519
110433
110497
111963
112056
111667
111668
121406
121569
122413
122524
121926
122133
122999
123267
115919
116124
115048
115138
114395
114396
115214
115243
116598
116599
117359
117996
117061
117062
118127
118151
118896
119132
119050
119133
121120
121121
122789
122790
123048
123400
123268
123269
123471
123985
110254
110255
110256
110257
111183
111184
121379
121526
122525
122690
121137
121268
122132
122339
115920
116125
116229
116680
114328
114635
115259
115425
116465
116522
117360
117501
118198
118458
118438
118691
119224
119344
120854
120855
123049
123371
123417
123567
123022
123023
123470
124088
109805
109830
109852
109853
122726
122763
122412
123296
116093
116374
114235
114236
114687
114819
116495
116548
116989
116990
117420
117502
118459
118481
118437
118564
119343
119503
122691
122692
123372
123568
123586
124143
123416
123495
109465
109466
122833
123102
122411
122689
114065
114066
116549
116600
118482
118565
118690
118770
119714
119785
122579
122616
123616
123786
124142
124315
123103
123135
122788
122856
114067
114211
118616
118692
118598
118794
119204
119341
119713
119879
119786
119880
122230
122258
123617
124089
124140
124141
124609
125254
123078
123398
123243
123368
122787
123174
118646
119036
118257
118258
118719
118769
119342
119472
119684
120106
119941
120030
124090
124611
125354
125930
122727
122728
123399
123584
123524
124031
122725
122762
123566
123696
118408
118599
119263
119396
117906
117907
119564
119712
119683
120322
119942
120238
120219
120481
124011
124144
124610
124633
125465
125677
126164
126580
122577
122578
123585
123913
124121
124441
122185
122186
122724
122977
123837
124260
118024
118025
118600
118666
119881
120017
119908
120459
119591
119637
120387
120978
120681
120682
123763
123787
124165
124261
125055
125190
124487
124687
121865
121866
122688
122897
124347
124348
117816
117817
118667
119051
119910
120300
119909
120138
120528
120529
120386
120571
121040
121215
120752
121739
120683
120806
123297
123472
124145
124262
124513
124782
125278
125678
124488
124834
124686
124734
121690
121925
121358
121359
122874
122896
124656
124780
117303
117304
117305
117818
117870
119074
119504
120365
120388
119848
119878
121019
121075
120506
120611
120570
120712
120751
120831
121765
122080
123270
123271
124820
125279
125739
125858
124835
125253
124631
124632
124781
125054
121472
121473
121905
121987
120677
120678
122926
123397
125252
125554
117037
117221
118923
119000
119505
119734
120410
120530
121141
121407
120856
120925
123136
123137
125439
125679
125886
126078
124803
124956
125309
126398
124583
124873
125514
126420
121136
121184
121864
121963
122286
122310
123661
124185
125579
125830
116991
116992
119810
120166
120713
120997
121408
121570
120953
120996
122764
122765
125417
125580
125909
127419
126399
126579
126760
124511
124512
125532
125908
120710
120711
121103
121135
122309
122505
123695
124232
120188
120643
120780
121167
121142
121271
122657
122693
125581
125720
125910
126560
127418
128434
126214
126365
124406
124819
126041
126101
120384
120385
119681
119784
123694
124120
120782
121186
121168
121664
121381
121437
122363
122385
125721
125805
126666
127710
126290
126733
124368
124510
126911
127046
126077
126117
119431
119432
123193
123194
124119
124210
120781
121311
121409
121637
122155
122156
125806
126042
126615
126841
127739
127936
126118
126119
124053
124054
124509
124802
126930
127260
127045
127475
126100
126116
123158
123159
123866
123884
124259
124756
121764
121819
126120
126600
126336
126337
126984
127958
127740
127957
128178
128198
125929
126309
124534
124562
126912
127843
128064
128103
126076
126634
124779
125096
121929
122231
126915
127314
126985
127105
127711
128577
128218
128643
128435
129025
125310
125311
126334
126734
127844
128154
128216
128260
125961
125985
124733
124872
125167
125613
122232
122364
127261
128240
127520
127789
126785
126798
127229
127536
128694
128726
129026
129232
125073
125074
126335
126865
127736
127760
128217
128299
128259
128633
125885
126137
125139
125189
125630
125655
126115
122437
122694
128006
128955
128998
129024
124925
124926
126913
127558
127737
128327
128258
128463
125512
125513
126236
126684
125612
126040
126307
126632
122946
123000
128563
128832
129067
129366
129023
129256
126914
127059
127557
128139
127516
127517
128345
128576
128102
128138
128574
128671
126235
126683
126039
126784
126308
127134
126631
127044
122945
122980
123001
123138
130031
130522
129411
129455
129255
129336
126664
126665
127060
127450
128346
128433
127476
127535
128575
128703
128298
128381
128752
128929
126682
126840
126234
126397
127287
127533
122979
123319
123139
123244
130354
130437
130568
130848
129617
129959
129667
130521
126138
126163
127477
127738
127582
127894
128725
128906
128753
129119
129231
130201
127104
127158
126518
126633
127639
127788
122638
122658
123373
123716
123569
123745
130535
131103
129638
129932
129666
130202
130534
131450
126013
126014
127895
128239
128905
129019
128863
128930
129184
129697
129230
129476
127157
127534
126519
126708
127735
127759
123914
124012
123764
124033
130796
131194
125463
125464
127612
127845
128238
128403
129280
129430
128931
128954
129209
129229
129695
129716
127556
127611
127734
127872
128282
128431
124032
124055
123697
123788
124091
124122
131195
131466
127518
127519
128404
128673
129020
129168
129429
129477
129018
129042
129208
129388
129696
130132
129912
130030
128297
128430
128432
128462
124211
124407
123789
123885
124186
124563
131196
131505
131758
131913
127416
127417
128672
128907
129335
129913
129566
129665
130182
130353
129988
130011
128724
129334
124584
124821
123867
124489
124586
124688
131940
133131
128932
129022
129281
130091
129989
130071
129664
129777
130485
130675
130010
130258
124585
124957
123813
123814
124490
125097
125332
125887
131939
132980
128933
129144
129021
129254
129958
130156
130676
130847
130674
130914
129749
129800
125005
125807
123549
123662
124166
124587
125333
125680
129567
129750
130183
130236
130897
130984
130983
131664
129310
129311
124973
125515
125986
126015
123418
123419
124092
124369
125140
125191
125962
126080
129583
129818
129878
129879
130235
130461
131192
131264
131010
131978
132030
132031
126016
126421
123272
123273
125614
125703
126079
126255
130052
130259
129854
130133
130595
131266
131392
131574
131265
131616
130952
131218
132029
132240
126581
126616
122791
122792
123213
123439
126475
126477
130260
130462
130134
130520
130677
130953
131286
131575
131719
131979
131617
131720
131371
131527
132317
132549
126601
127262
126617
127684
122729
122793
123195
123233
126476
126520
130758
130954
130567
130795
131059
131267
132063
132130
131487
131488
132353
132621
127357
127810
123245
123815
126602
126986
130985
131129
130824
131618
131268
131638
132091
132354
132647
132832
128464
128674
123274
123525
126916
127078
127337
127358
131130
131242
130825
131269
131193
131372
132064
132409
132435
132622
132780
132813
132833
132914
127613
127741
131323
131694
130915
130916
131219
131413
132092
132199
132665
132868
132779
133242
133343
133804
128041
128104
131600
132356
132181
133147
133018
133180
133241
133834
133344
133933
134072
134130
128261
128465
131796
132318
132131
132410
133361
133556
133019
133146
133106
133130
133853
134129
133934
134003
128466
128578
131938
132241
132436
132859
132355
132550
133391
133757
133724
133783
134836
134914
134267
134445
128604
128833
133758
134032
134983
135415
134497
134939
129258
129456
133704
134104
134982
135027
135522
135594
134656
135156
129257
129367
133392
133521
134131
134240
134712
134713
135554
135980
136229
136448
135211
135298
129233
129282
133204
133243
134304
134377
134688
134877
135555
135595
136228
136447
135212
135523
129312
129568
132997
132998
134562
134657
134378
134563
134876
135297
135596
135752
136567
136958
135735
135884
129337
129389
132979
133414
135028
135395
134564
134940
134814
135394
135753
136350
136566
136654
135734
135754
135885
135964
129639
129751
132893
132894
133625
134033
135633
135634
134535
134565
134174
134175
136568
136608
137074
137307
135856
136073
135965
136171
132760
132950
134034
134352
135695
135770
134566
134733
133960
134103
133919
133920
136569
136935
137189
137337
136191
136300
132858
133020
134353
135029
135771
136074
136192
134915
135157
133918
133932
134303
134418
133576
133577
137075
137152
137212
137658
137554
138244
136403
136528
136324
136672
133061
133463
134193
134305
136230
136867
135320
135345
133647
133648
134475
134785
133371
133519
137128
137295
137679
138222
138172
138223
136938
137443
136673
137003
136231
136301
133624
133675
134835
134938
133520
133593
137494
137534
138344
138633
136937
137296
136809
137042
136193
136194
136404
136767
132995
132996
133623
134332
135249
135319
133359
133360
137577
137786
137533
137809
138345
138563
138754
138864
136936
137002
137308
137407
132912
132913
133575
133803
135438
136072
135769
135979
132949
133203
137609
138318
138589
138848
137338
137722
137638
137831
132499
132525
133313
133314
133802
133833
135437
135454
136170
136275
132830
132831
137881
138126
137659
137680
133801
133852
136071
136105
132645
132646
138095
138467
138428
138514
138007
138404
133311
133312
133959
134266
136349
136476
131937
132279
132128
132129
138654
138727
138634
138803
138468
138728
133059
133060
134396
134784
136636
137151
131812
131840
138821
138914
139057
139407
132758
132759
135094
135810
131370
131526
132524
132548
135809
136501
131178
131217
131757
131936
135808
135883
130654
130793
130435
130436
130794
131157
130316
130594
129928
129929
130009
130200
131158
131285
130051
130181
129309
129545
129930
129931
129040
129041
129544
129799
128811
128887
129142
129143
129798
129817
128692
128693
129776
130008
128518
128519
128603
128670
129747
129748
128136
128137
129453
129454
127514
127515
128561
128562
127313
127449
128429
128461
128401
128402
128236
128237
127555
127581
128380
128492
